Taxes(0.7305, 0.17344, 0.85, 0.04658320224748269, 0.352)
400
-0.01174786758517661
-0.011747867462574463
-0.011747865623542264
-0.011747857654402737
-0.01174783619902708
-0.011747790958834981
-0.011747708692794607
-0.011747573217422608
-0.011747365406784107
-0.011747063192492718
-0.011746641563710535
-0.011746072567148132
-0.011745325307064559
-0.011744365945267354
-0.011743157701112538
-0.011741660851504607
-0.011739832730896543
-0.011737627731289809
-0.011734997302234344
-0.011731889950828576
-0.011728251241719414
-0.01172402379710224
-0.011719147296720928
-0.011713558477867826
-0.011707191135383767
-0.011699976121658063
-0.011691841346628509
-0.011682711777781383
-0.01167250944015144
-0.011661153416321924
-0.011648559846424548
-0.01163464192813952
-0.01161930991669552
-0.011602471124869715
-0.01158402992298775
-0.011563887738923752
-0.011541943058100333
-0.011518091423488579
-0.011492225435608065
-0.011464234752526843
-0.011434006089861446
-0.011401423220776894
-0.011366366975986685
-0.011328715243752792
-0.01128834296988568
-0.011245122157744291
-0.011198921868236043
-0.011149608219816847
-0.011097044388491087
-0.01104109060781163
-0.010981604168879824
-0.010918439420345502
-0.010851447768406972
-0.010780477676811031
-0.01070537466685295
-0.010625981317376484
-0.010542137264773878
-0.010453679202985844
-0.010360440883501583
-0.01026225311535878
-0.010158943765143594
-0.010050337756990671
-0.00993625707258314
-0.009816520751152602
-0.009690944889479152
-0.009559342641891358
-0.009421524220266271
-0.009277296894029423
-0.00912646499015483
-0.008968829893164987
-0.008804190045130875
-0.008632340945671947
-0.008453075151956146
-0.008266182278699895
-0.008071448998168093
-0.007868659040174128
-0.007657593192079863
-0.007438029298795648
-0.00720974226278031
-0.00697250404404116
-0.006726083660133989
-0.006470247186163069
-0.006204757754781156
-0.005929375556189483
-0.0056438578381377705
-0.005347958905924217
-0.0050414301223954995
-0.004724019907946782
-0.004395473740521706
-0.004055534155612398
-0.003703940746259461
-0.003340430163051983
-0.0029647361141275324
-0.0025765893651721592
-0.0021757177394203958
-0.001761846117655253
-0.0013346964382082286
-0.0008939876969592935
-0.0004394359473369079
2.9245699681990225e-5
0.0005123470755719796
0.0010101609542591645
0.001522983052121155
0.002051112027987091
0.0025948494831376243
0.003154499961304931
0.003730370948672703
0.004322772873876147
0.004932019108001993
0.00555842596458849
0.006202312699625401
0.006864001511554014
0.0075438175412671305
0.008242088872109072
0.008959146529875677
0.009695324482814304
0.010450959641623838
0.011226391859454666
0.012021963931908701
0.012838021597039386
0.013674913535351664
0.014532991369802017
0.015412609665798419
0.016314125931200386
0.017237900616318944
0.018184297113916628
0.019153681759207515
0.020146423829857183
0.021162895545982725
0.022203472070152767
0.02326853150738744
0.024358454905158408
0.02547362625338884
0.02661443248445344
0.027781263473178396
0.028974512036841465
0.03019457393517188
0.031441847870350426
0.03271673548700936
0.0340196413722325
0.03535097305555518
0.036711141008964235
0.03810055864689801
0.03951964232624641
0.04096881134635083
0.042448487949004174
0.04395909731845086
0.04550106758138688
0.047074829806959685
0.04868081800676827
0.05031946913486313
0.05199122308774632
0.05369652270437136
0.05543581376614332
0.0572095449969188
0.05901816806300589
0.06086213757316421
0.0627419110786049
0.06465794907299062
0.06661071499243554
0.06860067521550535
0.07062829906321728
0.07269405879904008
0.07479842962889394
0.07694188970115068
0.07912492010663359
0.08134800487861744
0.08361163099282856
0.08591628836744485
0.08826246986309559
0.09065067128286171
0.0930813913722756
0.09555513181932117
0.09807239725443388
0.10063369525050066
0.10323953632285998
0.10589043392930188
0.10858690447006779
0.1113294672878508
0.11411864466779548
0.11695496183749779
0.11983894696700544
0.12277113116881745
0.1257520484978845
0.12878223595160865
0.13186223346984363
0.13499258393489463
0.1381738331715183
0.14140652994692285
0.14469122597076803
0.14802847589516513
0.15141883731467684
0.15486287076631752
0.15836113972955296
0.1619142106263005
0.1655226528209289
0.16918703862025863
0.17290794327356154
0.17668594497256102
0.18052162485143194
0.18441556698680084
0.18836835839774574
0.1923805890457958
0.19645285183493236
0.20058574261158765
0.20477986016464603
0.20903580622544263
0.21335418546776494
0.21773560550785115
0.22218067690439183
0.22669001315852808
0.23126423071385352
0.23590394895641242
0.2406097902147013
0.24538237975966753
0.25022234580471064
0.25513031950568105
0.2601069349608814
0.26515282921106503
0.27026864223943764
0.2754550169716556
0.2807125992758277
0.2860420379625134
0.29144398478472444
0.29691909443792325
0.3024680245600247
0.3080914357313943
0.3137899914748499
0.31956435825566
0.3254152054815455
0.33134320550267804
0.33734903361168156
0.3434333680436306
0.34959688997605215
0.35584028352892383
0.3621642357646757
0.3685694366881884
0.37505657924679514
0.38162635933027933
0.38827947577087746
0.39501663034327583
0.40183852776461404
0.40874587569448145
0.41573938473492056
0.4228197684304239
0.42998774326793693
0.43724402867685536
0.4445893470290275
0.4520244236387523
0.45954998676278086
0.4671667676003152
0.47487550029300984
0.4826769219249694
0.4905717725227516
0.4985607950553641
0.5066447354342675
0.5148243425133727
0.5231003680890435
0.5314735669000934
0.5399446966277894
0.5485145178958482
0.5571837942704397
0.5659532922601838
0.5748237813161531
0.5837960338318706
0.5928708251433124
0.6020489335289042
0.611331140209525
0.6207182293485035
0.6302109880516222
0.6398102063671126
0.64951667728566
0.6593311967403993
0.6692545636069186
0.6792875797032559
0.6894310497899022
0.6996857815697989
0.7100525856883397
0.7205322757333692
0.7311256682351843
0.7418335826665321
0.7526568414426129
0.7635962699210769
0.7746526964020274
0.7858269521280173
0.7971198712840536
0.8085322909975917
0.8200650513385419
0.8317189953192624
0.8434949688945665
0.8553938209617159
0.8674164033604262
0.879563570872863
0.8918361812236446
0.9042350950798393
0.9167611760509689
0.9294152906890042
0.9421983084883705
0.9551111018859415
0.9681545462610454
0.9813295199354592
0.9946369041734141
1.0080775831815902
1.0216524441091215
1.035362377047591
1.0492082750310359
1.0631910340359423
1.0773115529812507
1.09157073372835
1.1059694810810834
1.1205087027857434
1.1351893095310759
1.1500122149482765
1.1649783356109942
1.1800885910353276
1.1953439036798286
1.210745198945499
1.2262934051757939
1.2419894536566178
1.257834278616329
1.2738288172257348
1.289974009598097
1.3062707987891258
1.322720130796986
1.3393229545622907
1.356080221968107
1.3729928878399524
1.3900619099457971
1.4072882489960603
1.424672868643616
1.4422167354837865
1.4599208190543487
1.4777860918355281
1.4958135292500043
1.514004109662906
1.5323588143818168
1.5508786276567665
1.5695645366802422
1.5884175315871785
1.607438605454964
1.6266287543034366
1.6459889770948875
1.6655202757340586
1.6852236550681445
1.7051001228867881
1.7251506899220879
1.7453763698485911
1.7657781792832985
1.7863571377856597
1.807114267857579
1.828050594943409
1.8491671474299571
1.8704649566464793
1.8919450568646852
1.9136084852987338
1.935456282105239
1.9574894903832618
1.9797091561743199
2.002116328462377
2.024712059173852
2.047497403177614
2.070473418284985
2.0936411652497364
2.1170017077680927
2.1405561124787282
2.1643054489627724
2.1882507897438006
2.212393210287846
2.2367337890033876
2.2612736072413604
2.2860137492951473
2.3109553024005867
2.3360993567359634
2.3614470054220185
2.386999344521942
2.4127574730413763
2.4387224929284144
2.464895509073603
2.4912776293099377
2.517869964412868
2.544673628100291
2.5716897370325613
2.5989194108124787
2.6263637719853006
2.6540239460387296
2.681901061402926
2.7099962494504966
2.7383106444965035
2.766845383798457
2.7956016075563217
2.8245804589125116
2.8537830839518956
2.883210631701788
2.912864254131961
2.942745106154634
2.9728543456244814
3.0031931333386255
3.033762633036644
3.0645640114005603
3.095598438054858
