Taxes(0.7305, 0.20312, 0.85, 0.020059204344710143, 0.352)
400
-0.01216552844433838
-0.012165528317377473
-0.012165526412963897
-0.012165518160505066
-0.012165495942346668
-0.012165449093772677
-0.012165363903005339
-0.012165223611205178
-0.012165008412470993
-0.012164695453839861
-0.01216425883528714
-0.01216366960972646
-0.012162895783009732
-0.012161902313927135
-0.012160651114207138
-0.012159101048516481
-0.012157207934460177
-0.012154924542581524
-0.012152200596362088
-0.012148982772221721
-0.012145214699518549
-0.012140836960548969
-0.012135787090547665
-0.01212999957768759
-0.012123405863079978
-0.012115934340774338
-0.012107510357758458
-0.012098056213958404
-0.012087491162238515
-0.01207573140840141
-0.012062690111187982
-0.012048277382277407
-0.01203240028628713
-0.01201496284077288
-0.011995866016228663
-0.011975007736086755
-0.011952282876717714
-0.011927583267430377
-0.011900797690471851
-0.011871811881027528
-0.011840508527221072
-0.011806767270114427
-0.01177046470370781
-0.01173147437493972
-0.011689666783686931
-0.01164490938276449
-0.011597066577925726
-0.011545999727862247
-0.011491567144203931
-0.01143362409151894
-0.011372022787313705
-0.01130661240203294
-0.011237239059059639
-0.011163745834715065
-0.011085972758258763
-0.011003756811888551
-0.010916931930740531
-0.010825329002889078
-0.01072877586934684
-0.010627097324064751
-0.010520115113932011
-0.010407647938776108
-0.0102895114513628
-0.010165518257396124
-0.010035477915518395
-0.009899196937310202
-0.009756478787290416
-0.00960712388291618
-0.009450929594582918
-0.009287690245624326
-0.009117197112312384
-0.008939238423857344
-0.008753599362407735
-0.008560062063050366
-0.008358405613810318
-0.008148406055650958
-0.007929836382473918
-0.007702466541119119
-0.007466063431364751
-0.007220390905927282
-0.006965209770461463
-0.006700277783560311
-0.006425349656755133
-0.006140177054515502
-0.005844508594249274
-0.005538089846302581
-0.005220663333959832
-0.004891968533443713
-0.004551741873915183
-0.0041997167374734886
-0.00383562345915614
-0.003459189326938933
-0.003070138581735939
-0.0026681924173995054
-0.0022530689807202576
-0.0018244833714270963
-0.0013821476421872034
-0.0009257707986060301
-0.0004550587992273124
3.0285444466939933e-5
0.0005305620680564387
0.0010460742541826256
0.0015771282325486523
0.0021240332799194045
0.0026871017201214853
0.003266648924043225
0.003862993309634675
0.004476456341907606
0.005107362532935515
0.005756039441853626
0.006422817674858874
0.0071080308852099336
0.007812015773227189
0.008535112086292752
0.009277662618850458
0.01004001321240586
0.01082251275552625
0.01162551318384062
0.012449369480039699
0.013294439673875941
0.014161084842163513
0.015049669108778323
0.015960559644657972
0.01689412666780181
0.017850743443270905
0.018830786283188034
0.019834634546737718
0.020862670640166187
0.02191528001678139
0.022992851176953016
0.02409577566811246
0.025224448084752858
0.026379266068429046
0.027560630307757607
0.02876894453841682
0.030004615543146713
0.03126805315174903
0.032559670241087225
0.033879882735086485
0.035229109604733716
0.03660777286807756
0.038016297590228364
0.0394551118833582
0.0409246469067009
0.042425336866551956
0.04395761901626863
0.045521933656269865
0.047118724134036394
0.048748436844110614
0.05041152122809666
0.05210842977466039
0.05383961801952941
0.05560554454549301
0.057406670982402215
0.05924346200716979
0.061116385343770216
0.0630259117632397
0.06497251508367613
0.06695667217023918
0.06897886293515021
0.0710395703376923
0.07313928038421029
0.07527848212811072
0.0774576676698618
0.07967733215699357
0.08193797378409773
0.08424009379282768
0.08658419647189858
0.08897078915708732
0.09140038223123248
0.0938734891242344
0.09639062631305512
0.09895231332171839
0.10155907272130972
0.1042114301299763
0.10690991421292709
0.10965505668243276
0.11244739229782565
0.11528745886549989
0.11817579723891135
0.12111295131857747
0.12409946805207764
0.12713589743405276
0.13022279250620566
0.13336070935730068
0.13655020712316404
0.13979184798668362
0.14308619717780904
0.1464338229735516
0.14983529669798434
0.15329119272224215
0.15680208846452143
0.16036856439008046
0.16399120401123915
0.16767059388737923
0.171407323624944
0.1752019858774387
0.17905517634543006
0.18296749377654675
0.18693953996547893
0.19097191975397873
0.19506524103085993
0.19922011473199772
0.20343715484032956
0.20771697838585415
0.21206020544563234
0.21646745914378618
0.22093936565150007
0.22547655418701948
0.2300796570156523
0.2347493094497673
0.23948614984879596
0.2442908196192305
0.24916396321462572
0.2541062281355974
0.2591182649298237
0.26420072719204396
0.2693542715640597
0.2745795577347337
0.279877248439991
0.2852480094628177
0.2906925096332624
0.29621142082843466
0.3018054179725065
0.30747517903671073
0.313221385039343
0.31904472004575973
0.3249458711683798
0.330925528566683
0.3369843854472118
0.3431231380635695
0.3493424857164219
0.35564313075349574
0.3620257785695803
0.36849113760652563
0.37503991935324466
0.38167283834571086
0.3883906121669607
0.39519396144709074
0.4020836098632612
0.4090602841396919
0.41612471404766666
0.42327763240552885
0.43051977507868533
0.43785188097960326
0.4452746920678128
0.45278895334990465
0.46039541287953245
0.4680948217574102
0.4758879341313149
0.48377550719608425
0.4917583011936187
0.4998370794128792
0.5080126081898897
0.5162856569077346
0.5246569979965614
0.533127406933578
0.541697662243055
0.550368545496324
0.5591408413117791
0.5680153373548751
0.5769928243381298
0.5860740960211215
0.5952599492104912
0.6045511837599404
0.6139486025702342
0.6234530115891974
0.6330652198117181
0.6427860392797448
0.6526162850822893
0.6625567753554231
0.6726083312822817
0.6827717770930601
0.6930479400650171
0.7034376505224713
0.7139417418368046
0.7245610504264595
0.735296415756941
0.7461486803408152
0.7571186897377108
0.7682072925543166
0.7794153404443855
0.7907436881087295
0.8021931932952249
0.8137647167988069
0.8254591224614758
0.8372772771722901
0.8492200508673731
0.861288316529907
0.8734829501901386
0.8858048309253737
0.8982548408599821
0.9108338651653936
0.9235427920601013
0.936382512809658
0.9493539217266808
0.9624579161708455
0.9756953965488929
0.9890672663146222
1.0025744319688976
1.016217803059642
1.0299982921818427
1.0439168149775464
1.0579742901358633
1.072171639392964
1.086509787532082
1.1009896623835111
1.115612194824609
1.1303783187797924
1.1452889712205423
1.1603450921653993
1.1755476246799674
1.1908975148769108
1.2063957119159572
1.2220431680038937
1.2378408383945718
1.2537896813889025
1.2698906583348601
1.2861447336274792
1.3025528747088573
1.3191160520681526
1.3358352392415866
1.3527114128124405
1.3697455524110596
1.3869386407148474
1.404291663448273
1.4218056093828648
1.4394814703372145
1.457320241176973
1.4753229198148567
1.4934905072106393
1.5118240073711606
1.5303244273503185
1.5489927772490752
1.5678300702154528
1.5868373224445373
1.6060155531784728
1.6253657847064693
1.6448890423647953
1.6645863545367836
1.6844587526528263
1.7045072711903786
1.7247329476739575
1.7451368226751418
1.76571993981257
1.7864833457519456
1.8074280902060311
1.828555225934653
1.8498658087446966
1.8713608974901124
1.8930415540719092
1.914908843438161
1.9369638335840003
1.959207595551623
1.9816412034302862
2.00426573435631
2.0270822685130736
2.0500918891310222
2.073295682487657
2.096694737907546
2.120290147762315
2.144083007470656
2.168074415498318
2.1922654733581153
2.21665728560992
2.241250959860672
2.2660476067643662
2.2910483400220643
2.3162542763818865
2.3416665356390176
2.3672862406357
2.393114517261244
2.4191524944520135
2.445401304191442
2.47186208151002
2.498535964485302
2.5254240942419006
2.5525276149514964
2.5798476738328255
2.6073854211516903
2.63514201022095
2.663118597400532
2.691316342097419
2.7197364067656604
2.748379956906363
2.7772481610677007
2.8063421908449024
2.8356632208802655
2.8652124288631433
2.8949909955299558
2.9250001046641803
2.95524094309636
2.985714700704095
3.016422570412053
3.047365748191957
3.0785454330625983
3.1099628270898236
3.141619135386547
3.1735155661127386
3.205653330475437
