Taxes(0.7305, 0.18594, 0.85, 0.03568706262822887, 0.352)
400
-0.011927146821457877
-0.01192714669698475
-0.011927144829887859
-0.011927136739134665
-0.011927114956337598
-0.011927069025754071
-0.011926985504286464
-0.011926847961482138
-0.011926636979533414
-0.011926330153277603
-0.01192590209019698
-0.0119253244104188
-0.011924565746715285
-0.011923591744503631
-0.011922365061846019
-0.011920845369449592
-0.01191898935066647
-0.01191675070149375
-0.011914080130573497
-0.011910925359192756
-0.011907231121283545
-0.01190293916342285
-0.011897988244832637
-0.011892314137379843
-0.011885849625576381
-0.011878524506579134
-0.011870265590189966
-0.011860996698855705
-0.01185063866766816
-0.011839109344364114
-0.011826323589325316
-0.011812193275578501
-0.011796627288795368
-0.011779531527292594
-0.01176080890203183
-0.0117403593366197
-0.0117180797673078
-0.011693864142992703
-0.011667603425215953
-0.011639185588164071
-0.01160849561866855
-0.011575415516205856
-0.011539824292897433
-0.011501597973509692
-0.011460609595454023
-0.01141672920878679
-0.011369823876209327
-0.011319757673067945
-0.011266391687353928
-0.011209584019703536
-0.011149189783397998
-0.011085061104363518
-0.01101704712117128
-0.010944993985037435
-0.01086874485982311
-0.010788139922034406
-0.010703016360822399
-0.010613208377983137
-0.010518547187957639
-0.010418861017831908
-0.01031397510733691
-0.010203711708848588
-0.010087890087387865
-0.009966326520620628
-0.009838834298857744
-0.009705223725055053
-0.009565302114813368
-0.009418873796378477
-0.009265740110641138
-0.00910569941113709
-0.00893854706404704
-0.00876407544819667
-0.008582073955056637
-0.008392328988742573
-0.008194623966015079
-0.007988739316279733
-0.007774452481587088
-0.0075515379166326705
-0.0073197670887569805
-0.007078908477945489
-0.006828727576828645
-0.006568986890681868
-0.0062994459374255555
-0.006019861247625073
-0.005729986364490765
-0.0054295718438779495
-0.005118365254286914
-0.004796111176862925
-0.004462551205396217
-0.004117423946322007
-0.003760465018720477
-0.0033914070543167867
-0.003009979697481071
-0.002615909605228436
-0.0022089204472189638
-0.0017887329057577083
-0.0013550646757947012
-0.0009076304649249404
-0.00044614199338840593
2.9692005929952557e-5
0.0005201657875002093
0.0010255765931474722
0.0015462246520518616
0.002082413180748536
0.0026344483831276734
0.0032026394504344833
0.003787298561269199
0.0043887408815870745
0.005007284564698398
0.005643250751268481
0.006296963569317657
0.006968750134221296
0.007658940548709783
0.008367867902868534
0.009095868274137994
0.009843280727313624
0.010610447314545928
0.011397713075340416
0.012205426036557637
0.013033937212413171
0.013883600604477608
0.014754773201676586
0.01564781498029074
0.016563088903955754
0.017500960923662334
0.018461799977756203
0.01944597799193812
0.020453869879263877
0.021485853540144262
0.022542309862345122
0.023623622720987312
0.024730178978546728
0.02586236848485427
0.027020584077095892
0.028205221579812537
0.029416679804900214
0.030655360551609934
0.03192166860654775
0.03321601174367471
0.03453880072430692
0.03589044929711551
0.03727137419812662
0.03868199515072142
0.040122734865636125
0.04159401904096195
0.04309627636214516
0.044629938501987
0.04619544012064382
0.047793218865626916
0.049423715371802665
0.051087373261392434
0.05278463914397266
0.05451596261647475
0.05628179626318517
0.05808259565574542
0.059918819353152006
0.06179092890175648
0.0636993888352654
0.06564466667474034
0.06762723292859794
0.06964756109260983
0.07170612764990272
0.07380341207095827
0.0759398968136132
0.07811606732305927
0.08033241203184328
0.08258942235986699
0.08488759271438724
0.08722742049001592
0.08960940606871985
0.09203405281982097
0.09450186709999622
0.09701335825327753
0.09956903861105193
0.10216942349206137
0.10481503120240293
0.10750638303552869
0.11024400327224566
0.11302841918071604
0.11586016101645698
0.11873976202234053
0.12166775842859401
0.12464468945279956
0.1276710972998945
0.13074752716217103
0.13387452721927648
0.13705264863821318
0.1402824455733385
0.14356447516636475
0.14689929754635936
0.15028747582974483
0.1537295761202985
0.15722616750915294
0.16077782207479563
0.16438511488306912
0.1680486239871709
0.17176893042765368
0.17554661823242493
0.1793822744167474
0.18327648898323867
0.1872298549218715
0.19124296820997372
0.19531642781222772
0.1994508356806716
0.20364679675469793
0.20790491896105484
0.21222581321384473
0.21661009341452594
0.22105837645191093
0.2255712822021681
0.2301494335288199
0.23479345628274478
0.23950397930217535
0.24428163441269996
0.24912705642726135
0.25404088314615797
0.25902375535704253
0.26407631683492355
0.2691992143421639
0.27439309762848196
0.27965861943095066
0.2849964354739987
0.2904072044694089
0.29589158811631994
0.3014502511012247
0.307083861097972
0.31279308876776474
0.3185786077591618
0.324441094708076
0.33038122923777646
0.33639969395888614
0.34249717446938394
0.348674359354603
0.3549319401872323
0.3612706115273148
0.36769107092224984
0.3741940189067904
0.38078015900304574
0.3874501977204789
0.3942048445559093
0.4010448119935099
0.40797081550481035
0.41498357354869353
0.422083807571399
0.42927224200652
0.43654960427500594
0.4439166247851602
0.4513740369326423
0.4589225771004655
0.46656298465899937
0.4742960019659674
0.48212237436644917
0.49004285019287813
0.498058180765044
0.5061691203900902
0.5143764263625165
0.5226808589641764
0.5310831814642798
0.5395841601193901
0.5481845641734274
0.5568851658576652
0.5656867403907334
0.5745900659786158
0.5835959238146523
0.5927050980795365
0.6019183759413187
0.6112365475554025
0.6206604060645479
0.6301907475988687
0.6398283712758355
0.6495740792002715
0.6594286764643577
0.6693929711476271
0.6794677743169708
0.6896539000266322
0.6999521653182117
0.7103633902206635
0.7208883977502979
0.7315280139107789
0.7422830676931271
0.7531543910757164
0.7641428190242774
0.7752491894918941
0.7864743434190073
0.7978191247334109
0.809284380350256
0.8208709601720462
0.8325797170886429
0.8444115069772594
0.8563671887024674
0.8684476241161907
0.8806536780577102
0.8929862183536601
0.9054461158180318
0.9180342442521692
0.9307514804447736
0.9435987041718988
0.9565767981969567
0.9696866482707108
0.982929143131283
0.9963051745041471
1.009815637102135
1.0234614286254307
1.0372434497615757
1.0511626041854643
1.0652197985593477
1.079415942532831
1.093751948742875
1.1082287328137947
1.1228472133572618
1.1376083119723004
1.1525129532452922
1.1675620647499718
1.182756577047431
1.1980974236861144
1.2135855412018237
1.2292218691177135
1.2450073499442957
1.2609429291794354
1.2770295553083537
1.2932681798036256
1.3096597571251833
1.3262052447203116
1.3429056030236528
1.3597617954572006
1.3767747884303076
1.3939455513396795
1.4112750565693777
1.4287642794908166
1.4464141984627696
1.4642257948313606
1.4822000529300725
1.50033796007974
1.5186405065885553
1.537108685752064
1.5557434938531685
1.5745459301621225
1.5935169969365401
1.6126576994213855
1.631969045848982
1.6514520474390038
1.6711077183984835
1.6909370759218074
1.7109411401907177
1.7311209343743088
1.751477484629034
1.7720118200986987
1.7927249729144659
1.8136179781948503
1.8346918740457248
1.8559477015603152
1.8773865048192042
1.8990093308903273
1.920817229828977
1.942811254677799
1.9649924614667966
1.9873619092133248
2.0099206599220976
2.0326697785851797
2.055610333181994
2.0787433946793166
2.102070037031281
2.1255913371793724
2.1493083750524344
2.173222233566661
2.1973339986256084
2.22164475912018
2.24615560692864
2.2708676369166048
2.295781946937047
2.3208996378302915
2.3462218134240245
2.371749580533279
2.3974840489604503
2.4234263314952837
2.449577543914883
2.475938804983704
2.5025112364535604
2.529295963063618
2.5562941125404013
2.583506815597785
2.610935205937005
2.6385804202466443
2.66644359820265
2.6945258824683154
2.722828418694297
2.7513523555185984
2.7800988445665857
2.809069040450974
2.8382641007718377
2.867685186116603
2.8973334600600547
2.927210089164327
2.957316242978916
2.987653094040667
3.0182218178737856
3.0490235929898266
3.0800596008877053
3.111331026053687
3.142839055961398
