Taxes(0.7305, 0.16875, 0.85, 0.05057167965625574, 0.352)
400
-0.011680043460412145
-0.011680043338517819
-0.011680041510102929
-0.011680033586971743
-0.0116800122554647
-0.011679967276458422
-0.011679885485365705
-0.011679750792135526
-0.01167954418125303
-0.011679243711739546
-0.011678824517152585
-0.011678258805585824
-0.011677515859669124
-0.011676562036568515
-0.011675360767986219
-0.011673872560160623
-0.011672054993866294
-0.011669862724413976
-0.01166724748165059
-0.011664158069959234
-0.011660540368259188
-0.011656337330005899
-0.011651488983191
-0.011645932430342296
-0.011639601848523773
-0.01163242848933559
-0.011624340678914083
-0.011615263817931772
-0.011605120381597344
-0.011593829919655671
-0.011581309056387797
-0.011567471490610949
-0.011552227995678522
-0.011535486419480098
-0.011517151684441429
-0.011497125787524447
-0.011475307800227258
-0.011451593868584152
-0.011425877213165589
-0.011398048129078207
-0.011367993985964825
-0.011335599228004437
-0.011300745373912213
-0.011263311016939502
-0.011223171824873824
-0.01118020054003889
-0.011134266979294568
-0.011085238034036923
-0.011032977670198183
-0.010977346928246763
-0.010918203923187245
-0.010855403844560395
-0.010788798956443156
-0.010718238597448648
-0.01064356918072616
-0.010564634193961168
-0.010481274199375324
-0.010393326833726452
-0.010300626808308554
-0.010203005908951818
-0.010100292996022593
-0.009992314004423417
-0.009878891943593003
-0.00975984689750624
-0.009634996024674193
-0.009504153558144109
-0.009367130805499401
-0.00922373614885967
-0.00907377504488069
-0.008917050024754413
-0.008753360694208968
-0.008582503733508658
-0.008404272897453968
-0.008218459015381556
-0.008024849991164257
-0.007823230803211088
-0.0076133835044672376
-0.007395087222414074
-0.007168118159069143
-0.006932249590986164
-0.0066872518692550394
-0.006432892419501841
-0.006168935741888827
-0.005895143411114422
-0.005611274076413237
-0.005317083461556056
-0.005012324364849838
-0.0046967466591377235
-0.004370097291799025
-0.00403212028474924
-0.003682556734440033
-0.0033211448118592524
-0.002947619762530922
-0.002561713906515242
-0.0021631566384085906
-0.001751674427343522
-0.0013269908169887704
-0.0008888264255492401
-0.00043689894576602053
2.9076855083625984e-5
0.000509389135186258
0.001004328978192264
0.0015141903932158426
0.0020392703148350267
0.0025798686030916655
0.0031362880434914367
0.0037088343470038383
0.004297816150062187
0.0049035450145636286
0.00552633542786913
0.006166504802803477
0.006824373477655288
0.007500264716176995
0.008194504707584855
0.008907422566558952
0.009639350333243186
0.01039062297324529
0.011161578377636807
0.011952557362953113
0.012763903671193406
0.013595963969820702
0.01444908785176185
0.015323627835407503
0.016219939364612156
0.01713838080869412
0.01807931346243552
0.019043101546082325
0.020030112205344307
0.021040715511395067
0.022075284460872036
0.023134194975876453
0.024217825903973405
0.025326559018191766
0.026460779017024278
0.027620873524427453
0.028807233089821672
0.03002025118809112
0.03126032421958381
0.032527851510111554
0.033823235310950016
0.03514688079883868
0.03649919607598085
0.03788059217004363
0.03929148303415799
0.04073228554691869
0.04220341951238432
0.04370530766007729
0.045238375644983855
0.04680305204755406
0.0483997683737018
0.05002895905480477
0.05169106144770452
0.05338651583470638
0.05511576542357954
0.056879256347556986
0.05867743766533556
0.0605107613610759
0.062379682344402464
0.06428465845040354
0.06622615043963127
0.06820462199810155
0.07022053973729417
0.07227437319415271
0.07436659483108454
0.07649768003596094
0.07866810712211696
0.08087835732835143
0.08312891481892705
0.08542026668357039
0.08775290293747173
0.09012731652128529
0.09254400330112904
0.09500346206858477
0.09750619454069816
0.10005270535997861
0.10264350209439944
0.10527909523739779
0.10795999820787447
0.11068672735019434
0.11345980193418596
0.11627974415514164
0.11914707913381771
0.12206233491643413
0.12502604247467483
0.1280387357056874
0.13110095143208347
0.1342132294019383
0.13737611228879107
0.1405901456916447
0.1438558781349661
0.14717386106868582
0.15054464886819832
0.15396879883436185
0.15744687119349857
0.16097942909739435
0.16456703862329888
0.16821026877392584
0.17190969147745253
0.1756658815875202
0.17947941688323382
0.1833508780691623
0.18728084877533843
0.1912699155572584
0.19531866789588284
0.19942769819763567
0.20359760179440511
0.2078289769435426
0.21212242482786417
0.21647854955564882
0.2208979581606403
0.22538126060204516
0.22992906976453484
0.23454200145824358
0.23922067441877037
0.24396571030717717
0.24877773370999057
0.25365737213920025
0.2586052560322603
0.26362201875208824
0.26870829658706574
0.2738647287510378
0.279091957383314
0.2843906275486668
0.28976138723733347
0.2952048873650141
0.3007217817728736
0.3063127272275399
0.31197838342110534
0.3177194129711254
0.3235364814206203
0.3294302572380731
0.3354014118174317
0.34145061947810684
0.34757855746497385
0.3537859059483711
0.36007334802410185
0.366441569713432
0.37289125996309247
0.3794231106452767
0.38603781655764335
0.3927360754233134
0.39951858789087336
0.4063860575343718
0.4133391908533226
0.4203786972727022
0.4275052891429522
0.43471968173997666
0.4420225932651447
0.4494147448452881
0.4568968605327035
0.4644696673051505
0.4721338950658534
0.47989027664349937
0.4877395477922404
0.4956824471916911
0.5037197164469313
0.5118521000885032
0.5200803455724144
0.5284052032801347
0.5368274265185993
0.5453477715202054
0.5539669974428162
0.5626858663697566
0.5715051433098172
0.5804255961972504
0.5894479958917749
0.5985731161785706
0.6078017337682834
0.6171346282970215
0.6265725823263582
0.6361163813433289
0.6457668137604352
0.6555246709156402
0.6653907470723724
0.6753658394195231
0.6854507480714483
0.695646276067967
0.7059532293743629
0.7163724168813824
0.7269046504052373
0.7375507446876012
0.7483115173956135
0.7591877891218758
0.770180383384455
0.7812901266268802
0.7925178482181465
0.80386438045271
0.8153305585504936
0.8269172206568812
0.8386252078427232
0.8504553641043314
0.8624085363634834
0.8744855744674188
0.8866873311888432
0.8990146622259239
0.9114684262022937
0.9240494846670472
0.9367587020947457
0.949596945885411
0.962565086364532
0.9756639967830585
0.9888945533174067
1.0022576350694545
1.0157541240665453
1.0293849052614843
1.043150866532543
1.0570528986834549
1.0710918954434183
1.085268753467094
1.099584372334609
1.1140396545515512
1.1286355055489752
1.1433728336833966
1.1582525502367975
1.1732755694166215
1.1884428083557783
1.2037551871126388
1.2192136286710407
1.2348190589402825
1.2505724067551292
1.266474603875807
1.282526584988009
1.2987292877028889
1.3150836525570675
1.3315906230126258
1.3482511454571116
1.365066169203535
1.3820366464903717
1.3991635324815574
1.4164477852664967
1.4338903658600533
1.4514922382025588
1.4692543691598048
1.48717772852305
1.5052632890090147
1.5235120262598854
1.5419249188433082
1.560502948252398
1.5792470989057297
1.5981583581473453
1.617237716246747
1.6364861663989034
1.6559047047242466
1.6754943302686724
1.6952560450035385
1.71519085382567
1.7352997645573525
1.755583787946338
1.7760439376658401
1.796681230314538
1.8174966854165733
1.8384913254215534
1.8596661757045467
1.881022264566088
1.902560623232174
1.9242822858542672
1.9461882895092915
1.9682796741996382
1.9905574828531574
2.013022761323168
2.0356765583884484
2.0585199257532456
2.0815539180472657
2.104779592825682
2.128198010569128
2.1518102346837074
2.175617331500979
2.199620370277974
2.223820423197181
2.2482185653665567
2.2728158748195177
2.2976134325149493
2.322612322337195
2.3478136310960678
2.3732184485268393
2.398827867290249
2.4246429829724976
2.450664894085252
2.47689470206564
2.503333511276256
2.5299824290051554
2.556842565465861
2.5839150337973553
2.6112009500640894
2.638701433255972
2.666417605288383
2.6943505910021592
2.722501518163607
2.7508715174644918
2.779461722522046
2.8082732698789648
2.837307299003408
2.866564952288996
2.896047375054818
2.9257557155454226
2.955691124930827
2.9858547573065053
3.016247769693403
3.0468713220379233
3.077726577211939
