Taxes(0.7305, 0.20469, 0.85, 0.018591420353526445, 0.352)
400
-0.012186706581567277
-0.012186706454385354
-0.012186704546656515
-0.01218669627983154
-0.01218667402299507
-0.012186627092865597
-0.012186541753795473
-0.012186401217770903
-0.012186185644411944
-0.012185872140972515
-0.012185434762340389
-0.012184844511037192
-0.012184069337218405
-0.012183074138673363
-0.012181820760825265
-0.01218026799673116
-0.012178371587081948
-0.012176084220202391
-0.012173355532051101
-0.012170132106220555
-0.012166357473937076
-0.012161972114060844
-0.0121569134530859
-0.012151115865140132
-0.012144510671985293
-0.01213702614301698
-0.012128587495264659
-0.012119116893391641
-0.012108533449695095
-0.01209675322410605
-0.012083689224189382
-0.012069251405143831
-0.012053346669801988
-0.0120358788686303
-0.01201674879972907
-0.011995854208832457
-0.011973089789308472
-0.011948347182158987
-0.011921514976019728
-0.01189247870716027
-0.011861120859484051
-0.011827320864528363
-0.011790955101464353
-0.011751896897097021
-0.011710016525865227
-0.01166518120984168
-0.01161725511873295
-0.011566099369879465
-0.011511572028255498
-0.01145352810646919
-0.011391819564762526
-0.011326295311011354
-0.011256801200725374
-0.011183180037048147
-0.011105271570757079
-0.01102291250026344
-0.010935936471612355
-0.010844174078482802
-0.010747452862187612
-0.010645597311673478
-0.010538428863520945
-0.01042576590194441
-0.010307423758792133
-0.010183214713546222
-0.010052947993322644
-0.009916429772871226
-0.009773463174575642
-0.009623848268453424
-0.009467382072155963
-0.009303858550968502
-0.009133068617810143
-0.00895480013323384
-0.0087688379054264
-0.008574963690208496
-0.008372956191034644
-0.008162591058993222
-0.007943640892806463
-0.007715875238830457
-0.007479060591055146
-0.007232960391104326
-0.006977335028235656
-0.006711941839340643
-0.006436535108944655
-0.006150866069206908
-0.005854682899920483
-0.005547730728512309
-0.005229751630043175
-0.004900484627207723
-0.004559665690334449
-0.004207027737385712
-0.0038423006339577156
-0.003465211193280526
-0.0030754831762180635
-0.0026728372912681033
-0.002256991194562277
-0.0018276594898660704
-0.0013845537285788274
-0.0009273824097337413
-0.00045585097999786817
3.0338166327884452e-5
0.0005314856873087512
0.0010478952933761188
0.001579873747327505
0.002127730864326584
0.002691779511903167
0.0032723356099532163
0.003869718130738836
0.00448424909888827
0.005116253591395913
0.005766059737622302
0.006433998719294116
0.007120404770504187
0.00782561517771148
0.008549970279741114
0.009293813467784346
0.010057491185398578
0.010841352928507368
0.011645751245400397
0.012471041736733508
0.013317583055528687
0.014185736907174054
0.015075868049423893
0.015988344292398603
0.016923536498584753
0.017881818582835055
0.01886356751236834
0.01986916330676962
0.020898989037990028
0.02195343083034684
0.02303287786052349
0.024137722357569547
0.025268359602900737
0.026425187930298907
0.02760860872591208
0.028819026428254384
0.030056848528206136
0.03132248556901376
0.03261635114628986
0.033938861908013124
0.03529043755452846
0.03667150083854688
0.03808247756514554
0.03952379659176774
0.04099588982822295
0.04249919223668676
0.044034141831700895
0.04560117968017324
0.047200749901377854
0.048833299666954884
0.05049927920091065
0.05219914177961762
0.05393334373181441
0.05570234443860576
0.05750660633346255
0.059346594902221855
0.06122277868308684
0.06313562926662686
0.06508562129577734
0.06707323246583995
0.06909894352448243
0.07116323827173866
0.07326660356000875
0.07540952929405888
0.07759250843102135
0.0798160369803947
0.08208061400404354
0.08438674161619864
0.08673492498345692
0.08912567232478145
0.09155949491150142
0.09403690706731221
0.09655842616827533
0.09912457264281836
0.10173586997173516
0.1043928446881856
0.10709602637769579
0.10984594767815797
0.11264314427983045
0.11548815492533777
0.11838152140967063
0.12132378858018572
0.12431550433660608
0.12735721963102076
0.130449488467885
0.13359286790402017
0.13678791804861376
0.1400352020632195
0.1433352861617572
0.14668873961051274
0.15009613472813826
0.15355804688565206
0.1570750545064384
0.16064773906624794
0.1642766850931973
0.1679624801677693
0.17170571492281292
0.17550698304354329
0.1793668812675416
0.1832860093847553
0.18726497023749794
0.1913043697204492
0.19540481678065502
0.19956692341752708
0.20379130468284382
0.20807857868074925
0.2124293665677541
0.21684429255273452
0.2213239838969336
0.22586907091395983
0.23048018696978864
0.23515796848276063
0.2399030549235836
0.24471608881533055
0.2495977157334414
0.25454858430572147
0.25956934621234307
0.2646606561858438
0.2698231720111281
0.275057554525466
0.28036446761849426
0.28574457823221505
0.2911985563609975
0.29672707505157614
0.3023308104030524
0.3080104415668929
0.3137666507469314
0.319600123199367
0.3255115472327657
0.3315016142080587
0.33757101853854443
0.3437204576898864
0.34995063218011535
0.35626224557962705
0.3626560045111844
0.36913261864991553
0.37569280072331573
0.3823372665112453
0.38906673484593196
0.39588192761196817
0.40278356974631396
0.409772389238294
0.4168491171296009
0.42401448751429144
0.4312692375387903
0.43861410740188683
0.4460498403547379
0.4535771827008652
0.461196883796158
0.46890969604887006
0.47671637491962277
0.4846176789214026
0.49261436961956323
0.5007072116318231
0.5088969726282683
0.5171844233313496
0.5255703375158853
0.5340554920090586
0.5426406666904201
0.5513266444918851
0.5601142113977365
0.569004156444622
0.5779972717215568
0.5870943523699209
0.5962961965834619
0.6056036056082917
0.6150173837428904
0.6245383383381025
0.6341672797971398
0.6439050215755794
0.6537523801813656
0.6637101751748073
0.6737792291685816
0.6839603678277293
0.69425441986966
0.7046622170641469
0.7151845942333311
0.7258223892517192
0.7365764430461842
0.7474475995959645
0.7584367059326662
0.7695446121402593
0.7807721713550823
0.7921202397658378
0.8035896766135965
0.815181344191793
0.8268961078462307
0.8387348359750764
0.8506984000288655
0.8627876745104973
0.8750035369752395
0.8873468680307235
0.8998185513369493
0.9124194736062811
0.9251505246034508
0.9380125971455548
0.9510065871020577
0.9641333933947873
0.9773939179979412
0.9907890659380796
1.004319745294132
1.017986867197391
1.0317913458315184
1.0457340984325398
1.059816045288848
1.0740381097412013
1.0884012181827254
1.10290630005891
1.117554287867614
1.1323461171590588
1.1472827265358356
1.1623650576528988
1.1775940552175708
1.1929706669895388
1.2084958437808577
1.2241705394559468
1.239995710931593
1.2559723181769482
1.272101324213532
1.2883836951152279
1.304820400008288
1.321412411071328
1.3381607035353322
1.3550662556836492
1.3721300488519959
1.3893530674284513
1.4067362988534653
1.4242807336198509
1.4419873652727893
1.4598571904098245
1.4778912086808713
1.4960904227882057
1.5144558384864748
1.5329884645826872
1.5516893129362217
1.5705593984588195
1.5895997391145922
1.6088113559200121
1.6281952729439233
1.6477525173075318
1.6674841191844127
1.6873911118005047
1.7074745314341144
1.727735417415914
1.7481748121289429
1.768793761008603
1.7895933125426673
1.8105745182712716
1.8317384327869195
1.853086113734479
1.8746186218111862
1.896337020766642
1.9182423774028148
1.940335761574037
1.9626182461870092
1.9850909072007965
2.0077548236268323
2.0306110775289135
2.0536607540232064
2.076904941278239
2.10034473051491
2.1239812160064804
2.1478154950785817
2.171848668109207
2.196081838528718
2.220516112819841
2.2451526005176725
2.269992414209669
2.2950366695356585
2.320286485187832
2.345742982910748
2.3714072875013295
2.3972805268088693
2.4233638317350215
2.449658336233811
2.476165177311624
2.5028854950272184
2.5298204324917126
2.5569711358685967
2.5843387543737215
2.611924440275309
2.6397293488939417
2.667754638602575
2.696001470826524
2.7244710100434752
2.7531644237834763
2.7820828826289468
2.811227560214666
2.840599633227786
2.8702002814078185
2.9000306875466464
2.930092037488516
2.9603855201300426
2.990912327420202
3.021673654360343
3.052670699004175
3.0839046624577784
3.1153767488795943
3.1470881654804357
3.1790401225234763
3.2112338333242616
