Taxes(0.7305, 0.15, 0.85, 0.06600647866178755, 0.352)
400
-0.011424210154765418
-0.011424210035540998
-0.011424208247174711
-0.011424200497587474
-0.011424179633314133
-0.011424135639503492
-0.01142405563991829
-0.011423923896935207
-0.011423721811544866
-0.011423427923351834
-0.011423017910574618
-0.01142246459004567
-0.01142173791721138
-0.011420804986132078
-0.011419630029482047
-0.011418174418549502
-0.011416396663236602
-0.011414252412059452
-0.011411694452148093
-0.011408672709246516
-0.011405134247712646
-0.011401023270518356
-0.011396281119249457
-0.011390846274105703
-0.011384654353900793
-0.011377638116062364
-0.011369727456632
-0.011360849410265222
-0.011350928150231494
-0.011339884988414227
-0.011327638375310766
-0.011314103900032407
-0.01129919429030438
-0.011282819412465863
-0.011264886271469973
-0.011245299010883768
-0.011223958912888254
-0.01120076439827837
-0.011175611026463007
-0.01114839149546499
-0.011118995641921089
-0.011087310441082018
-0.011053220006812432
-0.011016605591590924
-0.010977345586510036
-0.010935315521276249
-0.010890388064209982
-0.010842433022245603
-0.010791317340931417
-0.010736905104429678
-0.010679057535516569
-0.01061763299558223
-0.010552486984630731
-0.010483472141280094
-0.010410438242762277
-0.010333232204923177
-0.010251698082222645
-0.010165677067734464
-0.010075007493146357
-0.009979524828760003
-0.009879061683491007
-0.009773447804868923
-0.00966251007903725
-0.009546072530753425
-0.009423956323388827
-0.009295979758928782
-0.00916195827797255
-0.009021704459733342
-0.008875028022038304
-0.008721735821328526
-0.008561631852659042
-0.008394517249698826
-0.008220190284730797
-0.008038446368651813
-0.007849078050972673
-0.0076518750198181235
-0.007446624101926847
-0.007233109262651472
-0.00701111160595857
-0.006780409374428649
-0.006540777949256166
-0.006291989850249513
-0.006033814735831031
-0.005766019403036998
-0.005488367787517636
-0.005200620963537112
-0.004902537143973528
-0.004593871680318934
-0.00427437706267932
-0.003943802919774622
-0.0036018960189387085
-0.0032484002661193985
-0.0028830567058784513
-0.002505603521391567
-0.002115776034448389
-0.001713306705452501
-0.0012979251334214329
-0.0008693580559866491
-0.00042732934939356427
2.843997149846915e-5
0.0004982317532161544
0.0009823307036722598
0.0014810243921655984
0.001994603249381053
0.0025233605673895573
0.003067592499648108
0.003627598060999759
0.004203679127673616
0.004796140437284848
0.005405289588834684
0.006031437042710402
0.00667489612068535
0.007335983005918926
0.008015016742956587
0.008712319237729846
0.009428215257556277
0.010163032431139519
0.01091710124856925
0.011690755061321221
0.012484330082257241
0.013298165385625168
0.014132602907058932
0.0149879874435785
0.015864666653589914
0.016762991056885272
0.017683314034642718
0.01862599182942647
0.0195913835451868
0.020579851147260016
0.021591759462368524
0.02262747617862075
0.023687371845511205
0.02477181987392044
0.02588119653611508
0.027015880965747786
0.028176255157857297
0.029362703968868406
0.030575615116591962
0.031815379180224854
0.03308238960035006
0.03437704267893659
0.035699737579339544
0.037050876326300025
0.038430863805945265
0.03984010776578851
0.04127901881472905
0.042748010423052256
0.04424749892242959
0.04577790350591849
0.04733964622796253
0.04893315200439129
0.05055884861242045
0.05221716669065171
0.05390853973907284
0.05563340411905769
0.05739219905336614
0.05918536662614415
0.0610133517829237
0.06287660233062287
0.06477556893754578
0.0667107051333826
0.0686824673092096
0.07069131471748906
0.0727377094720693
0.07482211654818477
0.07694500378245593
0.0791068418728893
0.08130810437887746
0.08354926772119908
0.08583081118201882
0.08815321690488748
0.09051696989474185
0.09292255801790482
0.09537047200208532
0.0978612054363783
0.10039525477126487
0.10297311931861214
0.10559530125167318
0.10826230560508732
0.11097464027487981
0.11373281601846193
0.11653734645463115
0.11938874806357089
0.12228754018685067
0.12523424502742603
0.12822938764963865
0.1312734959792162
0.1343671008032724
0.13751073577030704
0.140704937390206
0.14395024503424125
0.14724720093507065
0.15059635018673834
0.15399824074467436
0.15745342342569488
0.16096245190800207
0.16452588273118424
0.16814427529621565
0.17181819186545677
0.17554819756265394
0.17933486037293972
0.1831787511428328
0.18708044358023743
0.1910405142544446
0.19505954259613084
0.19913811089735917
0.2032768043115781
0.20747621085362292
0.21173692139971417
0.21605952968745934
0.22044463231585099
0.22489282874526875
0.2294047212974774
0.23398091515562855
0.23862201836425911
0.24332864182929284
0.24810139931803885
0.25294090745919284
0.2578477857428362
0.26282265652043674
0.2678661450048477
0.2729788792703093
0.27816149025244685
0.28341461174827265
0.28873888041618406
0.2941349357759655
0.29960342020878666
0.3051449789572038
0.3107602601251588
0.31644991467798017
0.3222145964423817
0.3280549621064642
0.33397167121971355
0.3399653861930026
0.34603677229858926
0.35218649767011867
0.35841523330262076
0.364723653052513
0.3711124336375971
0.3775822546370628
0.38413379849148394
0.39076775050282236
0.39748479883442417
0.404285634511023
0.4111709514187373
0.41814144630507266
0.4251978187789199
0.43234077131055665
0.4395710092316456
0.44688924073523667
0.45429617687576473
0.4617925315690518
0.46937902159230477
0.4770563665841179
0.48482528904447003
0.4926865143347275
0.5006407706776416
0.5086887891573505
0.5168313037193776
0.5250690511706335
0.5334027711794133
0.5418332062753999
0.5503611018496606
0.5589872061546503
0.5677122703042083
0.5765370482735619
0.5854622968993226
0.5944887758794893
0.6036172477734458
0.6128484780019635
0.6221832348471981
0.6316222894526928
0.6411664158233757
0.6508163908255624
0.6605729941869527
0.670437008496634
0.6804092192050789
0.6904904146241468
0.7006813859270822
0.7109829271485167
0.7213958351844667
0.7319209097923364
0.742558953590914
0.7533107720603756
0.7641771735422817
0.7751589692395809
0.7862569732166055
0.7974720023990763
0.8088048765740974
0.8202564183901618
0.8318274533571461
0.843518809846315
0.8553313190903173
0.8672658151831903
0.8793231350803546
0.8915041185986193
0.9038096084161772
0.9162404500726097
0.9287974919688817
0.9414815853673467
0.954293584391742
0.9672343460271927
0.9803047301202085
0.9935055993786867
1.0068378193719087
1.0203022585305441
1.0338997881466467
1.0476312823736584
1.0614976182264042
1.0754996755810988
1.0896383371753395
1.1039144886081125
1.1183290183397876
1.1328828176921228
1.1475767808482604
1.1624118048527303
1.1773887896114472
1.192508637891713
1.2077722553222139
1.2231805503930244
1.238734434455603
1.2544348217227965
1.270282629268835
1.2862787770293376
1.3024241878013063
1.318719787243132
1.3351665038745901
1.3517652690768434
1.3685170170924377
1.3854226850253093
1.402483212840776
1.4196995433655462
1.43707262228771
1.454603398156747
1.4722928223835205
1.4901418492402823
1.5081514358606665
1.5263225422396973
1.5446561312337823
1.5631531685607172
1.581814622799681
1.6006414653912413
1.6196346706373508
1.6387952157013488
1.6581240806079585
1.677622248243292
1.6972907043548462
1.7171304375515044
1.7371424393035344
1.7573277039425925
1.7776872286617194
1.7982220135153428
1.8189330614192756
1.8398213781507171
1.8608879723482523
1.882133855511854
1.9035600420028782
1.9251675490440705
1.9469573967195581
1.9689306079748585
1.991088208616872
2.0134312273138883
2.03596069559558
2.0586776478530076
2.0815831213386153
2.1046781561662384
2.127963795311092
2.151441084609782
2.175111072760298
2.198974811322017
2.2230333547156995
2.2472877602234966
2.2717390879889403
2.296388401016953
2.3212367651738393
2.346285249187294
2.3715349246463937
2.396986866001605
2.4226421505647777
2.4485018585091494
2.474567072869341
2.5008388795413645
2.527318367282612
2.5540066277118676
2.580904755309295
2.6080138474164505
2.6353350042362713
2.6628693288330845
2.6906179271325996
2.7185819079219153
2.7467623828495142
2.7751604664252683
2.803777276020429
2.832613931867642
2.861671557060932
2.8909512775557156
2.9204542221687895
2.950181522578343
2.980134313323944
3.010313731806556
