Taxes(0.7305, 0.175, 0.85, 0.0452467555360654, 0.352)
400
-0.01177013394462325
-0.011770133821788728
-0.011770131979270914
-0.01177012399502705
-0.011770102498985878
-0.01177005717304763
-0.011769974751084048
-0.011769839018938357
-0.011769630814425279
-0.01176932802733104
-0.011768905599413359
-0.011768335524401449
-0.01176758684799602
-0.01176662566786928
-0.011765415133664933
-0.011763915446998178
-0.011762083861455708
-0.011759874682595721
-0.0117572392679479
-0.01175412602701343
-0.011750480421264996
-0.01174624496414677
-0.01174135922107443
-0.01173575980943514
-0.011729380398587574
-0.011722151709861886
-0.01171400151655974
-0.011704854643954286
-0.01169463296929018
-0.011683255421783565
-0.011670637982622085
-0.011656693684964884
-0.011641332613942592
-0.011624461906657346
-0.011605985752182772
-0.011585805391563994
-0.011563819117817635
-0.011539922275931813
-0.01151400726286614
-0.011485963527551725
-0.011455677570891176
-0.011423032945758593
-0.011387910256999577
-0.011350187161431222
-0.01130973836784212
-0.011266435636992356
-0.011220147781613515
-0.011170740666408678
-0.01111807720805242
-0.011062017375190815
-0.011002418188441427
-0.010939133720393327
-0.010872015095607071
-0.010800910490614721
-0.010725665133919829
-0.010646121305997442
-0.010562118339294112
-0.010473492618227878
-0.010380077579188277
-0.01028170371053635
-0.010178198552604623
-0.010069386697697124
-0.00995508979008938
-0.009835126526028408
-0.009709312653732725
-0.009577460973392345
-0.009439381337168777
-0.009294880649195024
-0.009143762865575588
-0.008985828994386469
-0.008820877095675158
-0.008648702281460648
-0.008469096715733423
-0.008281849614455467
-0.008086747245560258
-0.007883572928952772
-0.0076721070365094795
-0.00745212699207835
-0.007223407271478847
-0.006985719402501929
-0.006738831964910055
-0.006482510590437176
-0.006216517962788743
-0.005940613817641699
-0.005654554942644488
-0.005358095177417046
-0.005050985413550808
-0.004732973594608704
-0.00440380471612516
-0.004063220825606103
-0.003710961022528946
-0.0033467614583426075
-0.002970355336467499
-0.002581472912295528
-0.0021798414931901004
-0.001765185438486114
-0.0013372261594899694
-0.0008956821194795546
-0.00044026883370426226
2.9301130615022642e-5
0.000513318154285917
0.0010120755661445484
0.001525869643055535
0.0020549996099120107
0.002599767639635606
0.003160478853176461
0.0037374413195132164
0.004330966055653013
0.004941367026631501
0.005568961145512833
0.006214068273389661
0.00687701121938315
0.007558115740642961
0.008257710542347259
0.008976127277702715
0.009713700547944503
0.010470767902336305
0.011247669838170295
0.012044749800767163
0.0128623541834761
0.013700832327674797
0.014560536522769457
0.015441822006194768
0.01634504696341394
0.01727057252791869
0.01821876278122921
0.019189984752894233
0.02018460842049097
0.021203006709625147
0.022245555493930987
0.02331263359507122
0.02440462278273709
0.02552190777464832
0.02666487623655317
0.027833918782228365
0.02902942897347917
0.030251803320139325
0.0315014412800711
0.03277874525916524
0.03408412061134102
0.03541797563854621
0.03678072159075707
0.03817277266597838
0.039594546010243425
0.04104646171761399
0.04252894283018035
0.04404241533806128
0.045587308179404123
0.04716405324038463
0.04877308535520713
0.05041484230610441
0.0520897648233378
0.05379829658519709
0.055540884218000595
0.057317977296095154
0.059130028341856086
0.060977492825687214
0.06286082916602087
0.06478049872931789
0.06673696583006761
0.06873069773078787
0.07076216464202502
0.07283183972235394
0.07494019907837791
0.07708772176472886
0.07927488978406713
0.08150218808708157
0.08377010457248954
0.08607913008703695
0.08842975842549815
0.09082248633067602
0.09325781349340195
0.09573624255253582
0.09825827909496605
0.10082443165560949
0.10343521171741155
0.1060911337113462
0.10879271501641571
0.11154047595965111
0.1143349398161118
0.11717663280888561
0.12006608410908907
0.12300382583586704
0.12599039305639298
0.12902632378586876
0.1321121589875249
0.1352484425726203
0.1384357214004424
0.14167454527830714
0.144965466961559
0.14830904215357094
0.15170582950574435
0.15515639061750924
0.1586612900363241
0.1622210952576759
0.16583637672508003
0.16950770783008057
0.1732356649122499
0.1770208272591891
0.1808637771065276
0.18476509963792342
0.18872538298506317
0.19274521822766152
0.19682519939346232
0.20096592345823733
0.2051679903457873
0.20943200292794092
0.2137585670245561
0.21814829140351846
0.22260178778074297
0.22711967082017212
0.23170255813377802
0.23635107028156022
0.24106583077154764
0.24584746605979696
0.25069660555039414
0.2556138815954528
0.26059992949511585
0.2656553874975541
0.27078089679896733
0.27597710154358335
0.28124464882365907
0.28658418867947916
0.2919963740993577
0.29748186101963614
0.3030413083246856
0.3086753778469049
0.3143847343667219
0.3201700456125922
0.32603198226100094
0.3319712179364608
0.3379884292115138
0.34408429560672965
0.35025949959070735
0.3565147265800735
0.3628506649394843
0.36926800598162335
0.3757674439672039
0.38234967610496634
0.38901540255168116
0.3957653264121455
0.40260015373918706
0.40952059353366005
0.4165273577444489
0.42362116126846505
0.4308027219506498
0.4380727605839718
0.44543200090942925
0.45288116961604774
0.46042099634088246
0.4680522136690161
0.4757755571335609
0.48359176521565644
0.4915015793444721
0.4995057438972043
0.5076050061990794
0.5158001165233511
0.5240918280913026
0.5324808970722446
0.5409680825835174
0.5495541466904883
0.5582398544065551
0.5670259736931422
0.575913275459704
0.5849025335637219
0.5939945248107076
0.6031900289541995
0.612489828695766
0.6218947096850026
0.631405460519535
0.6410228727450155
0.6507477408551267
0.660580862291578
0.6705230374441091
0.6805750696504864
0.6907377651965063
0.7010119333159927
0.7113983861907988
0.7218979389508051
0.7325114096739225
0.7432396193860881
0.7540833920612698
0.7650435546214619
0.7761209369366892
0.7873163718250028
0.798630695052485
0.8100647453332436
0.8216193643294178
0.8332953966511726
0.845093689856704
0.8570150944522343
0.8690604638920163
0.8812306545783293
0.8935265258614834
0.9059489400398147
0.9184987623596902
0.9311768610155029
0.9439841071496772
0.9569213748526628
0.9699895411629411
0.9831894860670193
0.9965220924994352
1.0099882463427534
1.0235888364275687
1.0373247545325022
1.051196895384206
1.0652061566573583
1.0793534389746684
1.0936396459068711
1.108065683972733
1.122632462639046
1.1373408943206333
1.1521918943803442
1.1671863811290586
1.1823252758256826
1.1976095026771536
1.213039988838435
1.2286176644125204
1.2443434624504306
1.2602183189512162
1.2762431728619545
1.2924189660777543
1.3087466434417492
1.325227152745105
1.3418614447270119
1.3586504730746924
1.3755951944233955
1.3926965683564
1.4099555574050107
1.4273731270485643
1.4449502457144228
1.4626878847779794
1.4805870185626537
1.4986486243398955
1.5168736823291813
1.5352631756980186
1.5538180905619399
1.5725394159845099
1.5914281439773188
1.6104852694999883
1.6297117904601652
1.6491087077135271
1.66867702506378
1.688417749262658
1.708331890009922
1.728420459953365
1.7486844746888053
1.7691249527600923
1.7897429156591007
1.810539387825737
1.8315153966479338
1.8526719724616543
1.874010148550888
1.8955309611476543
1.9172354494320003
1.9391246555320034
1.9611996245237664
1.983461404431425
2.0059110462271375
2.0285496038310966
2.0513781341115185
2.074397696884653
2.0976093549147743
2.121014173914187
2.1446132225432213
2.168407572410242
2.192398298071636
2.2165864770318233
2.240973189743249
2.2655595196063896
2.290346552969747
2.3153353791298557
2.340527090331274
2.365922781766592
2.391523551576427
2.4173305008494266
2.443344733622263
2.469567356879642
2.4959994805542927
2.522642217526978
2.5494966836264834
2.5765639976296293
2.6038452812612585
2.631341659194248
2.6590542590494968
2.68698421139594
2.7151326497505344
2.7435007105782705
2.772089533292163
2.8009002602532584
2.8299340367706294
2.85919201110138
2.888675334450638
2.918385160971565
2.9483226477653472
2.9784889548812035
3.0088852453163746
3.0395126850161374
3.0703724428737904
3.1014656907306675
