Taxes(0.7305, 0.20781, 0.85, 0.015656391444747186, 0.352)
400
-0.012228030939871818
-0.012228030812258628
-0.0122280288980608
-0.01222802060320354
-0.012227998270895532
-0.012227951181628931
-0.012227865553179368
-0.012227724540605946
-0.012227508236251237
-0.012227193669741291
-0.012226754807985633
-0.012226162555177257
-0.012225384752792627
-0.012224386179591687
-0.012223128551617854
-0.012221570522198012
-0.012219667681942523
-0.012217372558745223
-0.012214634617783413
-0.01221140026151788
-0.012207612829692875
-0.012203212599336124
-0.012198136784758827
-0.012192319537555658
-0.012185691946604762
-0.012178182038067758
-0.01216971477538974
-0.012160212059299272
-0.01214959272780839
-0.012137772556212614
-0.01212466425709092
-0.012110177480305772
-0.012094218813003097
-0.012076691779612304
-0.01205749684184627
-0.012036531398701342
-0.012013689786457348
-0.011988863278677583
-0.011961940086208819
-0.011932805357181296
-0.011901341177008733
-0.011867426568388321
-0.011830937491300722
-0.01179174684301007
-0.011749724458063977
-0.011704737108293525
-0.011656648502813265
-0.011605319288021233
-0.011550607047598926
-0.011492366302511324
-0.011430448511006866
-0.011364702068617482
-0.011294972308158563
-0.01122110149972898
-0.011142928850711067
-0.011060290505770643
-0.010973019546856994
-0.010880945993202882
-0.010783896801324536
-0.010681695865021669
-0.010574164015377457
-0.010461119020758549
-0.01034237558681508
-0.010217745356480642
-0.01008703690997231
-0.009950055764790631
-0.009806604375719622
-0.009656482134826774
-0.009499485371463055
-0.009335407352262898
-0.009164038281144222
-0.008985165299308404
-0.008798572485240307
-0.008604040854708261
-0.008401348360764066
-0.008190269893743003
-0.00797057728126382
-0.007742039288228744
-0.007504421616823469
-0.007257486906517164
-0.007000994734062475
-0.006734701613495514
-0.006458360996135874
-0.006171723270586614
-0.0058745357627342735
-0.005566542735748859
-0.005247485390083853
-0.00491710186347621
-0.004575127230946357
-0.004221293504798199
-0.0038553296346191075
-0.0034769615072799305
-0.00308591194693499
-0.002681900715022078
-0.0022646445102624643
-0.0018338569686608872
-0.001389248663505563
-0.0009305271053681739
-0.00045739674210388295
3.0441041148677502e-5
0.0005332879219673998
0.0010514486406467108
0.00158523100019755
0.0021349458663473967
0.002700907167540249
0.003283431894936638
0.0038828401024136195
0.004499454906564772
0.005133602486700205
0.005785612084846555
0.006455816005746981
0.007144549616861178
0.007852151348365357
0.008578962693152265
0.009325328206831168
0.010091595507727862
0.010878115276884676
0.011685241258060452
0.01251333025773057
0.013362742145086938
0.014233839852037982
0.01512698937320867
0.01604255976594047
0.0169809231502914
0.017942454709036004
0.018927532687665335
0.019936538394387
0.020969856200125106
0.022027873538520298
0.023110980905929758
0.02421957186142717
0.02535404302680278
0.02651479408656332
0.027702227787932094
0.02891674994084888
0.030158769417970032
0.0314286981546684
0.03272695114903339
0.03405394646187088
0.03541010521670334
0.036795851599769724
0.038211612860025536
0.03965781930914278
0.04113490432151003
0.04264330433423235
0.04418345884713134
0.045755810422745104
0.04736080468632835
0.04899889032585222
0.050670519092004436
0.05237614579818922
0.05411622832052737
0.05589122759785614
0.05770160763172935
0.05954783548641736
0.061430381288907036
0.06334971822890177
0.06530632255882149
0.06730067359380264
0.06933325371169821
0.07140454835307768
0.0735150460212271
0.07566523828214905
0.07785561976456255
0.08008668815990329
0.08235894422232337
0.08467289176869144
0.0870290376785927
0.0894278918943289
0.09186996742091824
0.09435578032609553
0.09688584974031206
0.09946069785673563
0.10208084993125063
0.10474683428245792
0.1074591822916749
0.11021842840293557
0.11302511012299027
0.11587976802130609
0.11878294573006652
0.12173518994417155
0.12473705042123782
0.12778907998159839
0.13089183450830288
0.13404587294711745
0.13725175730652475
0.140510052657724
0.14382132713463097
0.14718615193387785
0.15060510131481342
0.15407875259950307
0.15760768617272855
0.16119248548198825
0.1648337370374971
0.16853203041218648
0.17228795824170434
0.17610211622441516
0.1799751031213999
0.1839075207564561
0.18789997401609781
0.19195307084955568
0.19606742226877685
0.20024364234842465
0.20448234822587957
0.20878416010123807
0.21314970123731364
0.2175795979596356
0.2220744796564507
0.22663497877872124
0.23126173084012708
0.2359553744170635
0.24071655114864338
0.24554590573669519
0.2504440859457647
0.2554117426031136
0.2604495295987207
0.26555810388528056
0.27073812547820514
0.27599025745562217
0.2813151659583765
0.28671352019002894
0.2921859924168576
0.2977332579678561
0.3033559952347357
0.309054885671923
0.3148306137965623
0.3206838671885135
0.3266153364903538
0.33262571540737595
0.3387157007075904
0.34488599222172306
0.35113729284321726
0.3574703085282321
0.36388574829564385
0.37038432422704454
0.3769667514667437
0.3836337482217664
0.3903860357618553
0.3972243384194683
0.40414938358978125
0.41116190173068495
0.4182626263627886
0.425452294069416
0.432731644496609
0.4401014203531248
0.44756236741043826
0.45511523450273966
0.46276077352693695
0.47049973944265333
0.47833289027222975
0.48626098710072263
0.49428479407590603
0.5024050784082692
0.5106226103710194
0.518938163300079
0.527352513594088
0.535866440714402
0.5444807271850943
0.5531961585929533
0.5620135235874855
0.570933613880912
0.5799572242481726
0.5890851525269217
0.5983181996175319
0.6076571694830905
0.6171028691494033
0.6266561087049908
0.6363177013010916
0.6460884631516594
0.6559692135333659
0.6659607747855978
0.6760639723104599
0.6862796345727717
0.6966085931000714
0.7070516824826115
0.7176097403733628
0.7282836074880114
0.7390741276049609
0.7499821475653307
0.7610085172729574
0.7721540896943929
0.7834197208589074
0.7948062698584859
0.8063145988478314
0.8179455730443618
0.8297000607282137
0.8415789332422378
0.8535830649920036
0.8657133334457949
0.8779706191346143
0.8903558056521786
0.9028697796549235
0.915513430861999
0.9282876520552737
0.9411933390793309
0.9542313908414719
0.9674027093117128
0.9807081995227886
0.9941487695701482
1.0077253306119596
1.0214387968691048
1.035290085625185
1.0492801172265152
1.0634098150821292
1.0776801056637755
1.092091918505921
1.1066461862057468
1.1213438444231536
1.136185831880755
1.1511730903638848
1.16630656472059
1.1815872028616368
1.1970159557605056
1.212593777453396
1.228321625039221
1.2442004586796134
1.2602312415989194
1.2764149400842046
1.2927525234852486
1.3092449642145496
1.32589323774732
1.3426983226214921
1.359661200437711
1.3767828558593418
1.3940642766124622
1.4115064534858703
1.4291103803310783
1.4468770540623168
1.46480747465653
1.4829026451533824
1.501163571655251
1.5195912633272335
1.53818673239714
1.556950994155501
1.5758850669555602
1.5949899722132812
1.6142667344073394
1.6337163810791322
1.6533399428327689
1.6731384533350793
1.6931129493156059
1.7132644705666102
1.73359405994307
1.7541027633626796
1.7747916298058475
1.7956617113157025
1.8167140629980874
1.8379497430215628
1.859369812617404
1.8809753360796055
1.902767380764876
1.9247470170926424
1.9469153185450465
1.969273361666948
1.9918222260659217
2.0145629944122616
2.0374967524389747
2.060624588941788
2.0839475957791413
2.107466867872195
2.131183503204822
2.1550986028236156
2.1792132708378826
2.203528614419648
2.2280457438036514
2.252765772287353
2.2776898162309234
2.302818995057256
2.3281544312519564
2.3536972503633495
2.3794485810024733
2.405409554843087
2.431581306621662
2.4579649741373886
2.4845616982521728
2.5113726228906383
2.5383988950401224
2.5656416647506837
2.5931020851350923
2.620781312368839
2.6486805056901264
2.6768008273998793
2.7051434428617345
2.7337095205020483
2.7625002318098897
2.79151675133705
2.820760256698031
2.8502319285700564
2.8799329506930613
2.909864509869702
2.9400277959653467
2.970424001908086
3.0010543236887197
3.0319199603607716
3.0630221140404754
3.094361989906788
3.125940796201375
3.1577597442286267
3.1898200483556427
3.2221229260122457
