Taxes(0.7305, 0.1625, 0.85, 0.05580733098413394, 0.352)
400
-0.01159161507920185
-0.011591614958230372
-0.01159161314365822
-0.011591605280512228
-0.011591584110503782
-0.01159153947202883
-0.01159145830016788
-0.011591324626685986
-0.011591119580032762
-0.01159082138534238
-0.01159040536443357
-0.011589843935809613
-0.011589106614658347
-0.011588160012852166
-0.011586967838948027
-0.011585490898187435
-0.011583687092496454
-0.011581511420485704
-0.011578915977450359
-0.011575849955370155
-0.01157225964290938
-0.011568088425416876
-0.011563276784926045
-0.011557762300154843
-0.011551479646505785
-0.011544360596065936
-0.011536334017606927
-0.011527325876584935
-0.011517259235140697
-0.011506054252099511
-0.01149362818297122
-0.011479895379950238
-0.011464767291915519
-0.011448152464430586
-0.011429956539743514
-0.011410082256786929
-0.011388429451178019
-0.01136489505521853
-0.011339373097894755
-0.011311754704877554
-0.011281928098522334
-0.011249778597869063
-0.011215188618642269
-0.011178037673251026
-0.01113820237078897
-0.011095556417034297
-0.011049970614449747
-0.01100131286218263
-0.010949448156064806
-0.010894238588612689
-0.010835543349027251
-0.010773218723194021
-0.010707118093683085
-0.010637091939749084
-0.01056298783733121
-0.010484650459053219
-0.010401921574223422
-0.010314640048834684
-0.010222641845564422
-0.010125760023774617
-0.010023824739511803
-0.009916663245507067
-0.009804099891176057
-0.009685956122618975
-0.009562050482620576
-0.009432198610650179
-0.009296213242861652
-0.00915390421209342
-0.009005078447868468
-0.008849539976394333
-0.008687089920563112
-0.008517526499951454
-0.008340645030820567
-0.008156237926116215
-0.007964094695468717
-0.007764001945192947
-0.007555743378288336
-0.007339099794438875
-0.0071138490900131066
-0.00687976625806413
-0.006636623388329602
-0.006384189667231735
-0.006122231377877299
-0.005850511900057614
-0.005568791710248564
-0.005276828381610587
-0.004974376583988673
-0.004661188083912374
-0.004337011744595791
-0.0040015935259375916
-0.0036546764845209875
-0.003296000773613754
-0.0029253036431682216
-0.0025423194398212752
-0.0021467796068943583
-0.0017384126843934668
-0.0013169443090091583
-0.0008820972141165388
-0.0004335912297752779
2.885671727040241e-5
0.0005055326035917219
0.0009967253090753514
0.0015027266169233926
0.0020238312136534025
0.0025603366890983754
0.0031125435364067543
0.0036807551520424246
0.004265277835784711
0.004866420790728388
0.005484496123283672
0.006119818843176218
0.006772706863447138
0.007443481000452975
0.008132464973865721
0.008839985406672813
0.009566371825177125
0.01031195665899699
0.011077075241066164
0.01186206580763386
0.012667269498264742
0.013493030355838898
0.014339695326551882
0.01520761425991467
0.01609713990875369
0.01700862792921083
0.017942436880743394
0.018898928226124153
0.01987846633144131
0.02088141846609851
0.021908154802814852
0.022959048417624868
0.02403447528987855
0.02513481430224131
0.026260447240694033
0.02741175879453301
0.028589136556370017
0.029792971022132245
0.03102365559106235
0.0322815865657184
0.03356716315197394
0.03488078745901794
0.03622286449935483
0.037593802188804454
0.03899401134650215
0.040423905694898656
0.04188390185976015
0.04337441937016829
0.04489588065852016
0.04644871106052829
0.04803333881522063
0.0496501950649406
0.05129971385534709
0.05298233213541437
0.05469848975743218
0.056448629477005734
0.05823319695305566
0.06005264074781804
0.06190741232684438
0.06379796605900166
0.06572475921647229
0.0676882519747541
0.06968890741266041
0.07172719151231997
0.07380357315917695
0.07591852414199098
0.07807251915283714
0.08026603578710592
0.0824995545435033
0.08477355882405072
0.08708853493408496
0.08944497208225835
0.09184336238053863
0.09428420084420897
0.096767985391868
0.09929521684542976
0.1018663989301238
0.10448203827449508
0.10714264441040393
0.10984872977302627
0.1126008097008534
0.11539940243569194
0.11824502912266419
0.12113821381020767
0.12407948345007552
0.1270693678973362
0.13010839991037365
0.13319711515088734
0.13633605218389203
0.139525752477718
0.14276676040401104
0.14605962323773228
0.1494048911571583
0.1528031172438812
0.1562548574828085
0.15976067076216313
0.1633211188734834
0.16693676651162329
0.17060818127475194
0.17433593366435418
0.17812059708523006
0.1819627478454953
0.185862965156581
0.18982183113323337
0.19383993079351466
0.19791785205880202
0.20205618575378856
0.2062555256064822
0.21051646824820697
0.21483961321360173
0.2192255629406215
0.2236749227705358
0.22818830094793066
0.23276630862070655
0.23740955984008022
0.24211867156058312
0.24689426364006292
0.25173695883968195
0.2566473828239187
0.2616261641605665
0.2666739343207346
0.2717913276788472
0.2769789815126447
0.28223753600318197
0.2875676342348303
0.29296992219527535
0.2984450487755194
0.3039936657698793
0.30961642787598787
0.31531399269479277
0.3210870207305579
0.3269361753908617
0.3328621229865992
0.33886553273197956
0.34494707674452857
0.3511074300450864
0.3573472705578097
0.3636672791101695
0.3700681394329536
0.3765505381602636
0.3831151648295183
0.3897627118814501
0.3964938746601088
0.40330935141285784
0.4102098432903776
0.41719605434666246
0.4242686915390237
0.4314284647280868
0.43867608667779384
0.44601227305540103
0.4534377424314813
0.46095321627992203
0.46855941897792697
0.4762570778060142
0.48404692294801843
0.49192968749108873
0.4999061074256905
0.5079769216456039
0.5161428719479253
0.5244047030330654
0.5327631625047516
0.5412190008700256
0.5497729715392459
0.5584258308260845
0.5671783379475311
0.5760312550238887
0.5849853470787777
0.5940413820391323
0.6032001307352033
0.6124623669005559
0.6218288671720723
0.6313004110899479
0.6408777810976963
0.6505617625421437
0.6603531436734342
0.6702527156450253
0.6802612725136916
0.6903796112395221
0.7006085316859219
0.7109488366196107
0.7214013317106249
0.7319668255323147
0.7426461295613478
0.753440058177705
0.7643494286646848
0.775375061208899
0.7865177789002773
0.7977784077320621
0.809157776600814
0.8206567173064062
0.8322760645520302
0.8440166559441903
0.8558793319927085
0.8678649361107204
0.8799743146146789
0.8922083167243504
0.9045677945628186
0.9170536031564803
0.9296666004350509
0.9424076472315578
0.9552776072823471
0.9682773472270775
0.9814077366087255
0.9946696478735813
1.0080639563712517
1.0215915403546576
1.0352532809800374
1.0490500623069428
1.0629827712982427
1.0770522978201196
1.0912595346420737
1.1056053774369183
1.1200907247807845
1.1347164781531165
1.1494835419366758
1.1643928234175378
1.1794452327850953
1.1946416831320543
1.2099830904544384
1.2254703736515844
1.2411044545261467
1.2568862577840934
1.2728167110347097
1.2888967447905944
1.3051272924676642
1.3215092903851475
1.3380436777655922
1.3547313967348589
1.3715733923221258
1.3885706124598833
1.4057240079839417
1.4230345326334217
1.4405031430507644
1.4581307987817225
1.4759184622753665
1.4938670988840805
1.5119776768635669
1.530251167372839
1.5486885444742304
1.5672907851333868
1.5860588692192719
1.6049937795041616
1.62409650166365
1.6433680242766457
1.6628093388253735
1.6824214396953712
1.7022053241754953
1.7221619924579155
1.7422924476381185
1.762597695714904
1.7830787455903903
1.8037366090700087
1.8245723008625074
1.8455868385799492
1.8667812427377124
1.8881565367544908
1.9097137469522951
1.931453902556448
1.9533780356955928
1.975487181401682
1.997782377609989
2.0202646651590985
2.0429350877909154
2.065794692150655
2.088844527786851
2.1120856471513503
2.13551910559932
2.159145961389236
2.1829672756828953
2.206984112545407
2.2311975389451977
2.2556086247540064
2.2802184427468926
2.3050280686022253
2.330038580901694
2.3552510611303004
2.3806665936763634
2.4062862658315156
2.4321111677907084
2.458142392652204
2.4843810364175853
2.510828197991744
2.5374849791828944
2.5643524847025607
2.5914318221655868
2.6187241020901273
2.6462304378976578
2.6739519459129637
2.7018897453641517
2.7300449583826376
2.7584187100031587
2.7870121281637625
2.8158263437058175
2.8448624903740005
2.8741217048163117
2.903605126584059
2.933313898131874
2.963249164817695
2.993412074902783
3.023803779551709
3.0544254328323652
