Taxes(0.7305, 0.17188, 0.85, 0.047914625313557876, 0.352)
400
-0.011725512523142865
-0.011725512400774017
-0.011725510565241319
-0.011725502611266297
-0.011725481196718157
-0.011725436042613792
-0.01172535393311778
-0.011725218715542383
-0.011725011300347539
-0.011724709661140878
-0.011724288834677712
-0.011723720920861037
-0.011722975082741527
-0.011722017546517546
-0.011720811601535139
-0.011719317600288036
-0.01171749295841765
-0.011715292154713078
-0.011712666731111094
-0.011709565292696168
-0.011705933507700448
-0.01170171410750376
-0.011696846886633621
-0.01169126870276523
-0.011684913476721468
-0.0116777121924729
-0.011669592897137777
-0.01166048070098203
-0.011650297777419275
-0.011638963363010815
-0.011626393757465627
-0.011612502323640387
-0.011597199487539438
-0.01158039273831482
-0.011561986628266253
-0.011541882772841133
-0.011519979850634547
-0.011496173603389266
-0.01147035683599574
-0.01144241941649211
-0.01141224827606419
-0.01137972740904549
-0.011344737872917192
-0.01130715778830817
-0.011266862338994979
-0.011223723771901856
-0.011177611397100719
-0.011128391587811181
-0.011075927780400526
-0.011020080474383732
-0.010960707232423449
-0.010897662680330019
-0.010830798507061467
-0.0107599634647235
-0.010685003368569508
-0.010605761097000566
-0.010522076591565434
-0.010433786856960552
-0.010340725961030044
-0.010242725034765724
-0.010139612272307082
-0.010031212930941292
-0.009917349331103218
-0.009797840856375403
-0.009672503953488072
-0.009541152132319139
-0.009403595965894195
-0.009259643090386521
-0.009109098205117079
-0.008951763072554512
-0.008787436518315154
-0.008615914431163012
-0.008436989763009786
-0.008250452528914855
-0.008056089807085283
-0.007853685738875819
-0.007643021528788888
-0.007423875444474612
-0.007196022816730787
-0.006959236039502891
-0.0067132845698840956
-0.006457934928115245
-0.006192950697584875
-0.0059180925248292
-0.0056331181195321215
-0.005337782254525224
-0.005031836765787773
-0.004715030552446721
-0.0043871095767766995
-0.004047816864200033
-0.003696892503286717
-0.0033340736457544394
-0.0029590945064685696
-0.0025716863634421606
-0.002171577557835949
-0.0017584934939583537
-0.0013321566392654814
-0.000892286524361115
-0.0004385997429967287
2.919004792852339e-5
0.0005113721283678016
0.0010082387151265897
0.001520084961862675
0.002047208959086172
0.0025899117341595056
0.003148497251297422
0.0037232724115669824
0.004314547052887559
0.004922633950030846
0.005547848814620853
0.0061905102951339015
0.0068509399768986404
0.007529462382096023
0.008226404969759326
0.008942098135774137
0.009676875212878364
0.010431072470662234
0.011205029115568282
0.011999087290891365
0.01281359207677866
0.01364889149022965
0.014505336485096151
0.015383280952082272
0.016283081718744454
0.01720509854949146
0.018149694145584348
0.019117234145136514
0.020108087123113662
0.021122624591333804
0.022161220998467283
0.023224253730036747
0.024312103108417173
0.025425152392835836
0.02656378777937235
0.02772839840095862
0.028919376327378885
0.0301371165652697
0.03138201705811994
0.032654478686270756
0.03395490526691568
0.035283703554100515
0.0366412832387234
0.03802805694853476
0.039444440248137404
0.04089085163898639
0.04236771255938911
0.04387544738450527
0.04541448342634694
0.046985250933778436
0.048588183092516425
0.05022371602512988
0.051892288791040124
0.05359434338652074
0.05533032474469767
0.05710068073554916
0.05890586216590577
0.060746322779450385
0.06262251925671819
0.06453491121509669
0.06648396120882574
0.06847013472899743
0.07049390020355628
0.07255572899729905
0.07465609541187479
0.07679547668578496
0.07897435299438328
0.08119320744987576
0.08345252610132077
0.08575279793462902
0.08809451487256344
0.09047817177473938
0.09290426643762446
0.0953732995945386
0.09788577491565408
0.10044219900799543
0.1030430814154396
0.10568893461871577
0.10838027403540541
0.11111761801994245
0.11390148786361301
0.1167324077945555
0.11961090497776079
0.12253750951507193
0.1255127544451844
0.12853717574364584
0.1316113123228564
0.1347357060320684
0.13791090165738654
0.14113744692176777
0.14441589248502149
0.1477467919438093
0.15113070183164512
0.15456818161889527
0.15805979371277828
0.16160610345736512
0.16520767913357892
0.1688650919591953
0.17257891608884204
0.17634972861399933
0.18017810956299962
0.18406464190102778
0.188009911530121
0.1920145072891684
0.19607902095391205
0.20020404723694576
0.2043901837877162
0.20863803119252172
0.21294819297451367
0.21732127559369505
0.22175788844692193
0.22625864386790173
0.23082415712719526
0.23545504643221468
0.24015193292722528
0.2449154406933439
0.24974619674854048
0.25464483104763647
0.2596119764823065
0.2646482688810766
0.269754347009326
0.2749308525692854
0.2801784302000387
0.2854977274775212
0.2908893949145215
0.29635408596067936
0.301892457002488
0.3075051673632922
0.3131928793032895
0.31895625801952915
0.3247959716459136
0.3307126912531968
0.33670709084898565
0.3427798473777387
0.34893164072076766
0.35516315369623547
0.36147507205915863
0.3678680845014048
0.3743428826516951
0.38090016107560154
0.3875406172755501
0.3942649516908174
0.40107386769753406
0.40796807160868137
0.41494827267409445
0.4220151830804593
0.42916951795131564
0.43641199534705427
0.44374333626491935
0.45116426463900633
0.458675507340264
0.46627779417649257
0.47397185789234536
0.48175843416932723
0.4896382616257962
0.4976120818169616
0.5056806392348862
0.5138446813084838
0.5221049584035221
0.5304622238226195
0.5389172338052481
0.547470747527731
0.556123527103245
0.5648763375818178
0.5737299469503309
0.5826851261325163
0.5917426489889607
0.6009032923171006
0.6101678358512268
0.6195370622624808
0.6290117571588583
0.6385927090852052
0.6482807095232216
0.6580765528914582
0.6679810365453199
0.6779949607770619
0.6881191288157935
0.6983543468274751
0.7087014239149202
0.7191611721177938
0.7297344064126144
0.7404219447127511
0.7512246078684276
0.7621432196667173
0.7731786068315484
0.7843315990236992
0.7956030288408026
0.8069937318173415
0.8185045464246532
0.8301363140709253
0.8418898791011997
0.8537660887973688
0.8657657933781789
0.8778898459992274
0.8901391027529653
0.9025144226686941
0.9150166677125697
0.927646702787598
0.9404053957336399
0.9532936173274057
0.9663122412824611
0.9794621442492211
0.9927442058149557
1.006159308503785
1.0197083377766831
1.0333921820314749
1.0472117326028394
1.0611678837623058
1.075261532718258
1.0894935796159295
1.1038649275374093
1.1183764825016353
1.133029153464401
1.147823852318349
1.1627614938929776
1.177842995954634
1.1930692792065207
1.20844126728869
1.223959886778049
1.2396260671883548
1.2554407409702184
1.2714048435111018
1.2875193131353215
1.3037850911040434
1.320203121615289
1.336774351803928
1.3534997317416861
1.3703802144371398
1.3874167558357187
1.4046103148197024
1.4219618532082268
1.4394723357572752
1.4571427301596884
1.474974007045155
1.4929671399802193
1.5111231054682752
1.529442882949572
1.547927454801207
1.5665778063371347
1.5853949258081579
1.6043798044019348
1.6235334362429732
1.642856818392635
1.662350950849134
1.6820168365475372
1.7018554813597606
1.7218678940945769
1.742055086497608
1.7624180732513304
1.78295787197507
1.8036755032250085
1.8245719904941766
1.8456483602124603
1.8669056417465955
1.8883448674001717
1.9099670724136297
1.9317732949642652
1.953764576166222
1.9759419600705013
1.998306493664951
2.0208592268742764
2.0436012125600307
2.0665335065206247
2.089657167491316
2.112973257144218
2.1364828400882936
2.1601869838693633
2.184086758970093
2.208183238810007
2.232477499745477
2.2569706210697307
2.281663685012845
2.306557776741754
2.3316539843602375
2.3569533989089333
2.3824571143653275
2.4081662276437616
2.4340818385954273
2.4602050500083705
2.486536967607487
2.5130787000545274
2.5398313589480916
2.5667960588236363
2.5939739171534653
2.6213660543467396
2.648973593749467
2.6767976616445153
2.704839387251596
2.7330999027272798
2.7615803431649852
2.790281846594986
2.819205553984406
2.8483526092372244
2.877724159194268
2.907321353633221
2.9371453452686156
2.967197289751841
2.9974783456711327
3.027989674551584
3.0587324408551373
3.08970781198059
