Taxes(0.7305, 0.19844, 0.85, 0.02439151036771906, 0.352)
400
-0.012101978310670945
-0.012101978184373256
-0.012101976289907931
-0.01210196808055819
-0.012101945978462727
-0.012101899374615723
-0.01210181462886684
-0.01210167506992121
-0.012101460995339451
-0.01210114967153766
-0.012100715333787414
-0.01210012918621577
-0.012099359401805258
-0.012098371122393894
-0.012097126458675174
-0.012095584490198073
-0.01209370126536704
-0.012091429801442012
-0.012088720084538396
-0.012085519069627087
-0.012081770680534457
-0.012077415809942356
-0.012072392319388114
-0.01206663503926454
-0.012060075768819926
-0.012052643276158037
-0.012044263298238125
-0.012034858540874915
-0.012024348678738615
-0.012012650355354915
-0.011999677183104978
-0.011985339743225453
-0.01196954558580846
-0.011952199229801612
-0.011933202163007988
-0.011912452842086155
-0.011889846692550155
-0.011865276108769512
-0.011838630453969228
-0.011809796060229786
-0.011778656228487146
-0.011745091228532751
-0.011708978299013524
-0.011670191647431861
-0.011628602450145645
-0.011584078852368234
-0.011536485968168466
-0.011485685880470662
-0.011431537641054618
-0.011373897270555615
-0.011312617758464405
-0.011247549063127226
-0.011178538111745797
-0.01110542880037731
-0.011028061993934442
-0.010946275526185347
-0.010859904199753662
-0.010768779786118498
-0.010672731025614446
-0.010571583627431585
-0.010465160269615461
-0.01035328059906711
-0.010235761231543043
-0.010112415751655248
-0.009983054712871198
-0.009847485637513843
-0.009705513016761612
-0.009556938310648412
-0.009401559948063635
-0.009239173326752146
-0.009069570813314297
-0.00889254174320591
-0.008707872420738293
-0.008515346119078235
-0.008314743080247999
-0.00810584051512533
-0.007888412603443454
-0.007662230493791075
-0.007427062303612378
-0.007182673119207022
-0.006928824995730156
-0.006665276957192398
-0.006391784996459852
-0.006108102075254097
-0.005813978124152197
-0.005509160042586691
-0.005193391698845599
-0.004866413930072421
-0.0045279645422661345
-0.004177778310281203
-0.003815586977827558
-0.00344111925747062
-0.003054100830631287
-0.002654254347585934
-0.0022412994274664194
-0.0018149526582600772
-0.001374927596809725
-0.0009209347688136538
-0.0004526816688256408
3.0127239745060597e-5
0.0005277905246337155
0.001040609784720117
0.0015688896500285648
0.0021129377817278917
0.0026730648721314428
0.003249584644697091
0.0038428138540272257
0.004453072285868753
0.005080682757113105
0.005725971115796235
0.006389266241098608
0.007070900043345225
0.007771207464005591
0.008490526475693743
0.009229198082168232
0.009987566318332128
0.010765978250233036
0.011564783975063058
0.012384336621158834
0.013224992348001523
0.014087110346216796
0.014971052837574862
0.01587718507499042
0.016805875342522716
0.017757494955375513
0.018732418259897077
0.019731022633580217
0.02075368848506225
0.021800799254125012
0.02287274141169487
0.023969904459842695
0.025092680931783903
0.0262414663918784
0.027416659435630646
0.028618661689689583
0.029847877811848708
0.03110471549104602
0.032389585447364054
0.033702901432029836
0.03504508022741493
0.03641654164703544
0.03781770853555197
0.03924900676876962
0.040710865253638075
0.042203715928251485
0.043727993761848535
0.045284136754812424
0.046872585938670906
0.048493785376096214
0.050148182160905115
0.0518362264180589
0.0535583713036634
0.05531507300496892
0.05710679074037032
0.058933986759406976
0.06079712634276278
0.06269667780226615
0.06463311248089
0.06660690475275181
0.06861853202311355
0.07066847472838168
0.07275721633610727
0.07488524334498582
0.07705304528485737
0.07926111471670655
0.08150994723266244
0.08380004145599863
0.08613189904113326
0.08850602467362903
0.09092292607019307
0.09338311397867713
0.09588710217807739
0.09843540747853459
0.10102854972133403
0.10366705177890545
0.10635143955482315
0.10908224198380603
0.11185999103171732
0.11468522169556494
0.11755847200350132
0.12048028301482326
0.12345119881997228
0.12647176654053427
0.12954253632923973
0.1326640613699636
0.13583689787772543
0.13906160509868923
0.14233874531016358
0.14566888382060147
0.14905258896960055
0.15249043212790295
0.15598298769739524
0.15953083311110858
0.16313454883321868
0.16679471835904572
0.17051192821505437
0.17428676795885392
0.17811983017919808
0.18201171049598516
0.18596300756025788
0.18997432305420364
0.19404626169115435
0.19817943121558607
0.20237444240311997
0.20663190906052123
0.21095244802570004
0.21533667916771046
0.21978522538675183
0.22429871261416728
0.2288777698124452
0.23352302897521765
0.23823512512726214
0.2430146963244998
0.2478623836539971
0.2527788312339642
0.25776468621375676
0.26282059877387387
0.26794722212596017
0.27314521251280394
0.2784152292083388
0.2837579345176419
0.28917399377693614
0.2946640753535878
0.30022885064610855
0.30586899408415363
0.311585183128524
0.3173780982711641
0.32324842303516355
0.3291968439747559
0.33522405067531996
0.34133073575337824
0.34751759485659867
0.35378532666379275
0.3601346328849174
0.3665662182610731
0.373080790564506
0.3796790605986055
0.3863617421979069
0.39312955222808854
0.3999832105859748
0.4069234401995329
0.4139509670278766
0.421066520061262
0.42827083132109156
0.4355646358599109
0.4429486717614114
0.45042368014042766
0.4579904051429401
0.46564959394607236
0.47340199675809386
0.48124836681841743
0.4891894603976014
0.49722603679734767
0.5053588583505036
0.5135886904210603
0.5219163014041538
0.5303424627260643
0.5388679488442175
0.5474935372471821
0.5562200084546728
0.5650481460175474
0.5739787365178097
0.5830125695686066
0.592150437814231
0.6013931369301186
0.6107414656228515
0.6201962256301545
0.6297582217208986
0.6394282616950975
0.6492071563839116
0.6590957196496435
0.6690947683857426
0.6792051225168005
0.6894276049985557
0.6997630418178891
0.7102122619928275
0.7207760975725415
0.731455383637347
0.7422509582987031
0.7531636626992153
0.7641943410126313
0.7753438404438457
0.7866130112288957
0.7980027066349645
0.8095137829603781
0.8211470995346095
0.8329035187182734
0.8447839059031317
0.856789129512088
0.8689200609991934
0.8811775748496408
0.8935625485797698
0.906075862737063
0.9187184009001489
0.9314910496787987
0.9443946987139303
0.9574302406776035
0.970598571273026
0.983900589234546
0.9973371963276603
1.0109092973490066
1.0246178001263702
1.0384636155186786
1.0524476574160053
1.066570842739567
1.0808340914417265
1.0952383265059893
1.1097844739470077
1.1244734628105757
1.139306225173635
1.1542836961442686
1.169406813861707
1.1846765194963225
1.2000937572496344
1.2156594743543043
1.2313746210741403
1.247240150704093
1.2632570195702602
1.2794261870298809
1.2957486154713418
1.312225270314171
1.3288571200090449
1.3456451360377804
1.3625902929133427
1.3796935681798375
1.3969559424125186
1.4143783992177823
1.4319619252331712
1.449707510127369
1.467616146600209
1.485688830382663
1.5039265602368534
1.522330337956042
1.5409011683646392
1.5596400593181963
1.578548021703413
1.5976260694381286
1.616875219471332
1.6362964917831533
1.6558909093848693
1.6756594983188984
1.6956032876588063
1.7157233095093023
1.7360205990062407
1.756496194316618
1.7771511366385784
1.7979864702014086
1.8190032422655413
1.8402025031225515
1.8615853060951613
1.883152707537235
1.9049057668337837
1.9268455464009608
1.9489731116860658
1.9712895311675414
1.993795876354977
2.016493221789103
2.0393826450418
2.0624652267160855
2.085742050446128
2.109214202897236
2.1328827737658678
2.156748855779621
2.18081354469724
2.2050779393086124
2.229543141434774
2.2542102559278994
2.279080390671314
2.304154656579482
2.3294341675980164
2.3549200407036706
2.3806133959043487
2.406515356239092
2.4326270477780922
2.4589495996226813
2.4854841439053392
2.5122318157896877
2.5391937534704954
2.5663710981736734
2.593764994156279
2.6213765887065112
2.6492070321437184
2.677257477818388
2.7055290821121574
2.7340230044378018
2.762740407239249
2.7916824559915634
2.820850319200961
2.850245168404796
2.8798681781715723
2.9097205261009345
2.9398033928236753
2.9701179620017273
3.000665420328173
3.0314469575272334
3.0624637663542815
3.0937170425958267
3.12520798506953
3.15693779562419
3.1889076791397586
