Taxes(0.7305, 0.16719, 0.85, 0.051887860995843416, 0.352)
400
-0.011657254954936289
-0.011657254833279784
-0.011657253008432249
-0.011657245100759595
-0.011657223810871675
-0.01165717891962229
-0.011657097288109182
-0.011656962857674036
-0.011656756649902473
-0.011656456766624065
-0.011656038389912325
-0.011655473782084707
-0.011654732285702601
-0.011653780323571351
-0.011652581398740236
-0.011651096094502482
-0.011649282074395252
-0.011647094082199659
-0.011644483941940746
-0.011641400557887515
-0.0116377899145529
-0.011633595076693778
-0.01162875618931097
-0.011623210477649241
-0.011616892247197296
-0.011609732883687784
-0.011601660853097296
-0.011592601701646365
-0.011582478055799466
-0.011571209622265023
-0.011558713187995388
-0.011544902620186873
-0.01152968886627972
-0.011512979953958117
-0.011494680991150199
-0.011474694166028034
-0.011452918747007641
-0.011429251082748977
-0.011403584602155946
-0.011375809814376388
-0.011345814308802089
-0.01131348275506878
-0.011278696903056131
-0.011241335582887755
-0.011201274704931208
-0.01115838725979799
-0.011112543318343536
-0.011063610031667236
-0.011011451631112414
-0.010955929428266339
-0.010896901814960218
-0.010834224263269208
-0.010767749325512404
-0.010697326634252845
-0.01062280290229751
-0.010544021922697324
-0.010460824568747152
-0.010373048793985803
-0.010280529632196025
-0.010183099197404517
-0.01008058668388191
-0.009972818366142782
-0.009859617598945658
-0.009740804817292996
-0.009616197536431205
-0.009485610351850634
-0.009348854939285573
-0.009205740054714253
-0.009056071534358851
-0.008899652294685485
-0.008736282332404217
-0.00856575872446905
-0.008387875628077928
-0.008202424280672742
-0.008009192999939319
-0.007807967183807434
-0.007598529310450803
-0.0073806589382870835
-0.007154132705977877
-0.006918724332428725
-0.006674204616789116
-0.006420341438452474
-0.006156899757056174
-0.005883641612481526
-0.005600326124853786
-0.0053067094945421535
-0.005002545002159768
-0.004687583008563713
-0.004361570954855012
-0.004024253362378638
-0.0036753718327234963
-0.003314665047722442
-0.0029418687694522704
-0.0025567158402337196
-0.0021589361826314705
-0.0017482567994541454
-0.001324401773754312
-0.0008870922688284738
-0.000436046528217085
2.9020124295462415e-5
0.0005083952846808315
0.00100236946866675
0.00151123611173699
0.002035291569131393
0.002574835115845851
0.0031301689466323186
0.0037015981759988066
0.004289430838209378
0.004893977887284159
0.005515553196999334
0.006154473560887137
0.006811058692235872
0.00748563122408989
0.008178516709249604
0.008890043620271484
0.009620543349468052
0.010370350208907904
0.01113980143041567
0.011929237165572055
0.012739000485713817
0.01356943738193377
0.014420896765080791
0.0152937304657598
0.01618829323433179
0.017104942740913807
0.018044039575378947
0.019005947247356377
0.01999103218623131
0.020999663741145022
0.022032214180994845
0.023089058694434166
0.02417057538987244
0.025277145295475163
0.026409152359163912
0.027566983448616283
0.028751028351265973
0.02996167977430271
0.031199333344672293
0.03246438760907656
0.03375724403397342
0.03507830700557684
0.036427983829856854
0.037806684732539515
0.03921482285910699
0.04065281427479747
0.042121077964605194
0.04362003583328046
0.045150112705329676
0.046711736325015234
0.04830533735635562
0.04993134938312538
0.05159020890885512
0.053282355356831484
0.055008231070097176
0.05676828131145098
0.05856295426344773
0.06039270102839829
0.06225797562836962
0.06415923500518471
0.06609693902042263
0.06807155045541846
0.07008353501126342
0.07213336130880472
0.07422150088864564
0.07634842821114553
0.07851462065641981
0.08072055852433992
0.08296672503453335
0.08525360632638375
0.08758169145903068
0.08995147241136987
0.09236344408205306
0.09481810428948803
0.0973159537718387
0.09985749618702491
0.10244323811272271
0.10507368904636413
0.10774936140513719
0.11047077052598613
0.11323843466561112
0.11605287500046838
0.11891461562677032
0.12182418356048526
0.12478210873733765
0.127788924012808
0.13084516516213285
0.13395137088030482
0.13710808278207257
0.14031584540194078
0.14357520619417033
0.146886715532778
0.15025092671153667
0.15366839594397533
0.157139682363379
0.16066534802278873
0.16424595789500165
0.16788207987257095
0.17157428476780587
0.1753231463127717
0.1791292411592898
0.1829931488789376
0.18691545196304873
0.19089673582271233
0.19493758878877432
0.19903860211183616
0.2032003699622558
0.2074234894301466
0.2117085605253788
0.21605618617757794
0.2204669722361263
0.2249415274701614
0.22948046356857785
0.23408439514002521
0.23875393971291012
0.24348971773539438
0.2482923525753966
0.2531624705205909
0.25810070077840785
0.26310767547603364
0.26818402966041116
0.2733304012982385
0.2785474312759708
0.28383576339981825
0.2891960443957481
0.2946289239094826
0.300135054506501
0.305715091672038
0.3113696938110848
0.31709952224838805
0.32290524122845127
0.3287875179155332
0.3347470223936494
0.3407844276665708
0.34690040965782504
0.35309564721069503
0.3593708220882208
0.3657266189731972
0.37216372546817644
0.3786828320954654
0.3852846322971285
0.3919698224349846
0.39873910179061045
0.405593172565337
0.41253273988025274
0.4195585117762011
0.42667119921378266
0.43387151607335295
0.4411601791550246
0.44853790817866523
0.4560054257838996
0.46356345753010747
0.47121273189642576
0.47895398028174635
0.48678793700471823
0.49471533930374534
0.5027369273369887
0.5108534441823647
0.5190656358375464
0.5273742512199618
0.5357800421667968
0.544283763434991
0.5528861727012425
0.5615880305620033
0.5703901005334835
0.579293149051647
0.588297945472216
0.5974052620706669
0.6066158740422336
0.6159305595019049
0.6253500994844268
0.6348752779442999
0.6445068817557826
0.6542457007128877
0.6640925275293855
0.674048157838801
0.6841133901944164
0.6942890260692692
0.7045758698561536
0.714974728867619
0.7254864133359721
0.7361117364132738
0.7468515141713433
0.757706565601754
0.7686777126158366
0.7797657800446766
0.7909715956391175
0.8022959900697562
0.8137397969269486
0.8253038527208039
0.8369889968811897
0.8487960717577274
0.8607259226197969
0.8727793976565317
0.8849573479768239
0.8972606276093191
0.9096900935024212
0.922246605524288
0.9349310264628359
0.9477442220257343
0.9606870608404118
0.9737604144540504
0.9869651573335905
1.0003021668657264
1.01377232335691
1.027376510033348
1.0411156130410049
1.0549905214455992
1.0690021272326073
1.08315132530726
1.097439013494546
1.1118660925392079
1.1264334661057467
1.141142040778417
1.155992726061232
1.1709864343779584
1.1861240810721212
1.2014065844069997
1.216834865565631
1.2324098486508064
1.248132460685075
1.2640036316107397
1.2800242942898628
1.296195384504259
1.3125178409555027
1.3289926052649201
1.3456206219735973
1.3624028385423745
1.3793402053518495
1.396433675702373
1.413684205814056
1.4310927548267611
1.4486602848001118
1.4663877607134828
1.484276150466009
1.502326424876578
1.5205395576838368
1.538916525546184
1.5574583080417796
1.5761658876685352
1.5950402498441214
1.6140823829059623
1.6332932781112404
1.652673929636893
1.6722253345796148
1.691948492955853
1.7118444077018156
1.7319140846734633
1.752158532646515
1.7725787633164432
1.7931757912984791
1.8139506341276077
1.8349043122585726
1.8560378490658707
1.8773522708437564
1.8988486068062396
1.920527889087088
1.942391152739822
1.9644394357377228
1.986673778973822
2.009095226260912
2.031704824331538
2.054503622838005
2.0774926743523694
2.1006730343664475
2.1240457612918084
2.1476119164597813
2.1713725641214467
2.1953287714476457
2.2194816085289726
2.2438321483757786
2.2683814669181697
2.2931306430060117
2.3180807584089216
2.343232897816276
2.368588148837205
2.394147602000598
2.419912350755097
2.4458834914691026
2.4720621234307694
2.498449348848011
2.525046272848492
2.5518540034796398
2.5788736517086313
2.606106331422405
2.63355315942765
2.6612152554508173
2.6890937421381085
2.717189745055486
2.745504392688664
2.7740388164431167
2.802794150644071
2.831771532536513
2.8609721022851797
2.890397002974572
2.9200473806089384
2.949924384112291
2.980029165328392
3.010362879020764
3.0409266828726813
3.0717217374871804
