Taxes(0.7305, 0.19062, 0.85, 0.03150637686297362, 0.352)
400
-0.011993122489697717
-0.01199312236453606
-0.011993120487111219
-0.011993112351603578
-0.011993090448313773
-0.011993044263662697
-0.011992960280191502
-0.011992821976561593
-0.011992609827554623
-0.011992301304072512
-0.01199187087313743
-0.011991289997891804
-0.011990527137598312
-0.011989547747639887
-0.011988314279519727
-0.011986786180861277
-0.011984919895408236
-0.011982668863024567
-0.011979983519694475
-0.011976811297522434
-0.011973096624733165
-0.01196878092567165
-0.01196380262080312
-0.011958097126713063
-0.011951596856107227
-0.011944231217811609
-0.011935926616772468
-0.01192660645405631
-0.011916191126849903
-0.01190459802846027
-0.011891741548314684
-0.011877533071960681
-0.011861880981066044
-0.011844690653418819
-0.011825864462927303
-0.011805301779620048
-0.011782898969645862
-0.011758549395273812
-0.011732143414893212
-0.011703568383013641
-0.011672708650264927
-0.011639445563397154
-0.011603657465280665
-0.011565219694906053
-0.01152400458738417
-0.011479881473946123
-0.01143271668194327
-0.011382373534847234
-0.011328712352249883
-0.011271590449863348
-0.011210862139520009
-0.011146378729172504
-0.011077988522893727
-0.011005536820876828
-0.010928865919435211
-0.010847815111002532
-0.010762220684132713
-0.01067191592349992
-0.010576731109898574
-0.010476493520243364
-0.010371027427569221
-0.010260154101031337
-0.01014369180590516
-0.010021455803586392
-0.00989325835159099
-0.009758908703555164
-0.009618213109235387
-0.009470974814508377
-0.009316994061371119
-0.009156068087940838
-0.008987991128455034
-0.008812554413271443
-0.008629546168868069
-0.008438751617843167
-0.008239952978915244
-0.00803292946692307
-0.007817457292825665
-0.007593309663702304
-0.007360256782752522
-0.007118065849296102
-0.00686650105877309
-0.006605323602743781
-0.006334291668888731
-0.006053160441008744
-0.005761682099024889
-0.005459605818978482
-0.005146677773031097
-0.004822641129464566
-0.004487236052680969
-0.004140199703202655
-0.0037812662376722106
-0.003410166808852491
-0.003026629565626602
-0.0026303796529979044
-0.002221139212090016
-0.0017986273801468087
-0.0013625602905324116
-0.0009126510727312037
-0.00044860985234782604
2.9856248892828267e-5
0.000523043113145609
0.0010312496264451181
0.0015547776787056882
0.0020939321637214094
0.0026490209791661086
0.0032203550265933636
0.0038082482114364944
0.004413017443008561
0.005034982634502374
0.005674466702990487
0.006331795569425196
0.007007298158638549
0.007701306399342329
0.008414155224128068
0.009146182569467046
0.009897729375710278
0.01066913958708854
0.011460760151712334
0.012272941021571915
0.01310603515253729
0.0139603985043582
0.014836390040664144
0.015734371728964337
0.01665470854064777
0.017597768450983174
0.018563922439118998
0.01955354448808347
0.020567011584784543
0.021604703720009916
0.022667003888427042
0.023754298088583103
0.024866975322905053
0.026005427597699554
0.02717004992315305
0.02836124031333169
0.029579399786181407
0.030824932363527853
0.03209824507107644
0.03339974793841231
0.034729853999000346
0.0360889792901852
0.03747754285319126
0.03889596673312264
0.040344675978963226
0.04182409864357664
0.043334665783706226
0.04487681145997508
0.046450972736886094
0.04805758968282184
0.049697105370044646
0.05136996587469662
0.05307662027679959
0.05481752066025511
0.056593122112844514
0.058403882726228866
0.060250263595948976
0.0621327288214254
0.06405174550595842
0.0660077837567281
0.06800131668479423
0.0700328204050963
0.07210277403645363
0.07421165970156524
0.07635996252700986
0.07854817064324604
0.08077677518461204
0.08304627028932582
0.08535715309948515
0.08770992376106752
0.09010508542393014
0.09254314424181002
0.09502460937232389
0.09754999297696818
0.10011981022111914
0.10273457927403269
0.10539482130884456
0.10810106050257022
0.11085382403610479
0.11365364209422327
0.11650104786558035
0.11939657754271037
0.1223407703220276
0.12533416840382589
0.12837731699227894
0.1314707642954401
0.13461506152524258
0.13781076289749927
0.1410584256319028
0.14435860995202549
0.14771187908531952
0.1511187992631168
0.1545799397206289
0.15809587269694717
0.16166717343504275
0.1652944201817665
0.16897819418784896
0.1727190797079005
0.17651766400041125
0.180374537327751
0.18429029295616928
0.18826552715579548
0.19230083920063878
0.19639683136858763
0.20055410894141093
0.20477328020475674
0.2090549564481534
0.2133997519650083
0.21780828405260935
0.22228117301212347
0.22681904214859813
0.23142251777095957
0.2360922291920148
0.24082880872844964
0.2456328917008305
0.25050511643360274
0.25544612425509217
0.26045655949750374
0.2655370694969227
0.27068830459331356
0.275910918130521
0.2812055664562689
0.28657290892216164
0.2920136078836825
0.2975283287001954
0.303117739734943
0.3087825123550487
0.31452332093151486
0.3203408428392242
0.3262357584569385
0.33220875116730003
0.33826050735683016
0.34439171641593075
0.35060307073888236
0.35689526572384644
0.3632689997728631
0.3697249742918532
0.37626389369061636
0.38288646538283316
0.3895933997860624
0.39638541032174424
0.40326321341519694
0.4102275284956203
0.41727907799609204
0.4244185873535712
0.43164678500889514
0.4389644024067825
0.44637217399583007
0.45387083722851596
0.4614611325611965
0.46914380345410905
0.4769195963713697
0.4847892607809753
0.49275354915480124
0.500813216968604
0.5089690227020184
0.5172217278385604
0.5255720968656243
0.5340208972744858
0.5425688995602984
0.5512168772220972
0.5599656067627954
0.5688158676891877
0.5777684425119466
0.5868241167456262
0.5959836789086586
0.6052479205233575
0.6146176361159145
0.6240936232164025
0.6336766823587727
0.6433676170808579
0.6531672339243683
0.6630763424348961
0.6730957551619114
0.6832262876587658
0.6934687584826889
0.7038239891947913
0.7142928043600626
0.724876031547373
0.7355745013294712
0.7463890472829873
0.757320505988429
0.7683697170301861
0.779537522996526
0.7908247694795977
0.802232305075428
0.8137609813839259
0.8254116530088774
0.837185177557951
0.8490824156426919
0.8611042308785284
0.8732514898847653
0.8855250622845899
0.8979258207050671
0.9104546407771434
0.9231124011356433
0.9358999834192727
0.9488182722706151
0.9618681553361367
0.9750505232661801
0.9883662697149709
1.0018162913406117
1.015401487805087
1.029122761774259
1.042981018917872
1.0569771679095474
1.071112120426789
1.085386791150978
1.0998020977673773
1.1143589609651277
1.1290583044372515
1.1439010548806494
1.158888141996103
1.174020498488272
1.1892990600656983
1.2047247654408006
1.22029855632988
1.2360213774531155
1.251894176534567
1.2679179043021733
1.2840935144877539
1.3004219638270065
1.316904212059511
1.333541221928724
1.350333959181985
1.3672833925705097
1.3843904938493972
1.4016562377776236
1.4190816021180472
1.4366675676374026
1.4544151181063083
1.4723252402992582
1.4903989239946305
1.5086371619746788
1.52704095002554
1.5456112869372278
1.564349174503639
1.5832556175225458
1.6023316237956047
1.621578204128348
1.6409963723301912
1.6605871452144263
1.6803515425982276
1.700290587302648
1.7204053051526207
1.7406967249769567
1.7611658786083502
1.781813800883372
1.8026415296424747
1.823650105729989
1.844840572994127
1.8662139782869789
1.8877713714645166
1.9095138053865894
1.9314423359169284
1.9535580219231425
1.975861925276723
1.998355110853038
2.0210386465313386
2.0439136031947513
2.0669810547302867
2.0902420780288313
2.113697752985156
2.1373491624979075
2.1611973924696133
2.18524353180668
2.209488672419397
2.2339339092219284
2.258580340132324
2.283429066072508
2.3084811909682874
2.333737821749347
2.359200068349255
2.384869043705454
2.4107458637592716
2.43683164745591
2.4631275167444566
2.4896345965778734
2.5163540149130066
2.543286902710578
2.570434393935194
2.5977976255553346
2.625377737543366
2.653175872875528
2.6811931775319464
2.7094308004966203
2.737889893757435
2.7665716123061497
2.795477114138408
2.8246075602537295
2.8539641146555166
2.883547944351049
2.9133602193514894
2.9434021126718743
2.9736748003311275
3.0041794613520456
3.034917277761312
3.0658894345894816
3.0970971198709973
3.128541524644174
3.160223842951215
