Taxes(0.7305, 0.19531, 0.85, 0.027257656702200612, 0.352)
400
-0.012058823460657142
-0.012058823334809822
-0.012058821447100033
-0.012058813267024288
-0.012058791243743427
-0.012058744806082645
-0.012058660362531467
-0.012058521301243758
-0.012058307990037724
-0.01205799777639591
-0.012057564987465203
-0.012056980930056827
-0.012056213890646341
-0.012055229135373649
-0.012053988910042996
-0.012052452440122959
-0.012050575930746462
-0.012048312566710764
-0.01204561251247746
-0.012042422912172496
-0.012038687889586145
-0.012034348548173028
-0.012029342971052098
-0.012023606221006651
-0.012017070340484326
-0.012009664351597095
-0.012001314256121273
-0.011991943035497513
-0.011981470650830807
-0.011969814042890489
-0.011956887132110228
-0.011942600818588039
-0.011926862982086266
-0.011909578482031604
-0.011890649157515082
-0.011869973827292065
-0.011847448289782262
-0.01182296532306972
-0.011796414684902825
-0.011767683112694303
-0.011736654323521218
-0.011703209014124976
-0.01166722486091132
-0.011628576519950333
-0.011587135626976436
-0.011542770797388396
-0.011495347626249304
-0.011444728688286611
-0.01139077353789209
-0.011333338709121865
-0.011272277715696392
-0.011207441051000468
-0.011138676188083231
-0.01106582757965816
-0.010988736658103066
-0.010907241835460107
-0.010821178503435778
-0.010730379033400916
-0.010634672776390686
-0.010533886063104608
-0.010427842203906532
-0.010316361488824645
-0.010199261187551486
-0.01007635554944392
-0.009947455803523155
-0.009812370158474745
-0.009670903802648572
-0.009522858904058868
-0.009368034610384197
-0.009206227048967468
-0.009037229326815924
-0.008860831530601151
-0.008676820726659075
-0.008484980960989956
-0.008285093259258398
-0.008076935626793345
-0.007860283048588077
-0.007634907489300216
-0.007400577893251722
-0.007157060184428893
-0.006904117266482371
-0.006641509022727132
-0.006368992316142495
-0.0060863209893721164
-0.005793245864723993
-0.005489514744170461
-0.005174872409348196
-0.004849060621558211
-0.004511818121765859
-0.004162880630600837
-0.0038019808483571735
-0.003428848454993242
-0.0030432101101317537
-0.0026447894530597592
-0.002233307102728649
-0.0018084806577541512
-0.001370024696416337
-0.0009176507766596101
-0.0004510674360927211
3.0019808011243853e-5
0.0005259084587148573
0.00103689903941636
0.001563295093849639
0.002105403186084255
0.0026635329005254217
0.0032379968419140193
0.0038291106353265866
0.004437192926175318
0.005062565380208075
0.0057055526835083775
0.006366482542495402
0.007045685683923997
0.007743495854884659
0.008460249822803552
0.0091962873754425
0.009951951320898982
0.01072758748760615
0.011523544724332802
0.012340174900183402
0.013177832904598086
0.014036876647352634
0.0149176670585585
0.015820568088662782
0.016745946708448256
0.017694172909033353
0.018665619701872155
0.01966066311875442
0.02067968221180556
0.021723059053486638
0.0227911787365944
0.023884429374261225
0.02500320209995518
0.026147891067479972
0.027318893450974987
0.028516609444915242
0.02974144226411145
0.030993798143709964
0.032274086339192806
0.03358271912637764
0.03492011180141782
0.03628668268080233
0.037682853101355857
0.039109047420238685
0.040565693014946835
0.04205322028331194
0.04357206264350128
0.04512265653401783
0.046705441413700234
0.048320859761722755
0.049969357077595346
0.051651381881163604
0.05336738571260882
0.055117823132447896
0.05690315172153343
0.058723832081053674
0.06058032783253253
0.06247310561782959
0.06440263509914006
0.06636938895899483
0.06837384290026048
0.07041647564613919
0.07249776894016886
0.07461820754622302
0.07677827924851083
0.0789784748515772
0.08121928818030262
0.08350121607990327
0.08582475841593096
0.08819041807427323
0.09059870096115322
0.09305011600312975
0.0955451751470973
0.098084393360286
0.10066828863026167
0.10329738196492576
0.1059721973925154
0.1086932619616034
0.11146110574109812
0.11427626182024374
0.11713926630862004
0.12005065833614235
0.12301098005306187
0.12602077662996525
0.129080596257775
0.13219099014774907
0.13535251253148126
0.13856572066090098
0.14183117480827326
0.14514943826619875
0.14852107734761388
0.15194666138579072
0.15542676273433687
0.15896195676719574
0.16255282187864634
0.16619993948330336
0.1699038940161171
0.17366527293237358
0.17748466670769444
0.18136266883803703
0.18529987583969426
0.18929688724929483
0.19335430562380318
0.1974727365405189
0.20165278859707791
0.20589507341145136
0.21020020562194636
0.2145688028872052
0.21900148588620652
0.22349887831826387
0.22806160690302726
0.23269030138048144
0.23738559451094782
0.24214812207508252
0.24697852287387814
0.2518774387286622
0.25684551448109866
0.26188339799318633
0.2669917401472604
0.27217119484599117
0.27742241901238507
0.28274607258978357
0.28814281854186463
0.2936133228526411
0.2991582545264621
0.3047782855880117
0.3104740910823105
0.316246349074714
0.32209574065091395
0.32802294991693715
0.3340286639991467
0.34011357304424084
0.346278370219254
0.35252375171155553
0.3588504167288513
0.36525906749918197
0.37175040927092473
0.37832515031279157
0.3849840019138312
0.39172767838342654
0.3985568970512978
0.40547237826749927
0.4124748454024225
0.41956502484679314
0.4267436460116738
0.43401144132846164
0.4413691462488906
0.44881749924502923
0.4563572418092827
0.4639891184543908
0.47171387671343
0.4795322671398116
0.4874450433072834
0.4954529618099278
0.5035567822621642
0.511757267298746
0.5200551825747641
0.5284512967656434
0.5369463815671457
0.5455412116953675
0.554236564886742
0.5630332218980367
0.5719319665063565
0.58093358550914
0.5900388687241634
0.5992486089895367
0.6085636021637074
0.6179846471254569
0.6275125457739038
0.637148103028501
0.6468921268290385
0.6567454281356403
0.6667088209287679
0.6767831222092165
0.686969151998119
0.697267733336942
0.7076796922874893
0.7182058579318994
0.7288470623726471
0.7396041407325422
0.7504779311547312
0.7614692748026944
0.7725790158602505
0.7838080015315508
0.795157082041085
0.8066271106336761
0.8182189435744852
0.8299334401490065
0.8417714626630723
0.8537338764428481
0.8658215498348376
0.8780353542058776
0.8903761639431431
0.9028448564541424
0.9154423121667218
0.9281694145290609
0.9410270500096771
0.9540161080974212
0.9671374813014825
0.9803920651513827
0.9937807581969823
1.0073044620084748
1.0209640811763918
1.0347605233115982
1.0486946990452968
1.0627675220290236
1.0769799089346528
1.0913327794543919
1.1058270563007868
1.120463665206716
1.1352435349253962
1.1501675972303778
1.1652367869155487
1.1804520417951305
1.1958143027036827
1.211324513496098
1.2269836210476073
1.2427925752537745
1.2587523290305018
1.274863838314025
1.2911280620609167
1.3075459622480843
1.3241185038727723
1.3408466549525588
1.3577313865253604
1.3747736726494255
1.391974490403342
1.4093348198860307
1.4268556442167504
1.4445379495350925
1.462382725000988
1.480390962794699
1.498563658116828
1.5169018091883093
1.5354064172504154
1.5540784865647523
1.572919024413265
1.5919290410982287
1.6111095499422605
1.6304615672883085
1.6499861124996595
1.6696842079599332
1.689556879073087
1.7096051542634136
1.7298300649755418
1.7502326456744333
1.7708139338453892
1.7915749699940438
1.812516797646369
1.8336404633486694
1.8549470166675888
1.8764375101901036
1.8981129995235286
1.9199745432955115
1.9420232031540379
1.9642600437674271
1.9866861328243368
2.009302541033757
2.032110342125017
2.0551106128477774
2.0783044329720393
2.1016928852881347
2.1252770556067357
2.1490580327588473
2.1730369085958103
2.197214777989301
2.221592738831335
2.2461718920342566
2.270953341530753
2.2959381942738424
2.3211275602368806
2.3465225524135573
2.3721242868179018
2.397933882484273
2.4239524614673713
2.450181148842229
2.476621072704216
2.503273364169037
2.530139157372733
2.5572195894716794
2.5845158006425892
2.6120289340825082
2.6397601360088223
2.667710555659247
2.6958813452918404
2.724273660184989
2.7528886586374224
2.7817275019681986
2.8107913545167182
2.840081383642711
2.8695987597262476
2.899344656167731
2.9293202493879025
2.959526718827835
2.989965246948942
3.0206370192329683
3.0515432241819993
3.0826850533184498
3.114063701185076
3.1456803653449654
3.177536246381546
