Taxes(0.7305, 0.20938, 0.85, 0.014168875894409773, 0.352)
400
-0.012248406309934757
-0.012248406182108927
-0.0122484042647215
-0.012248395956042657
-0.012248373586522684
-0.012248326418792
-0.012248240647661139
-0.012248099400120747
-0.012247882735341591
-0.012247567644674563
-0.012247128051650662
-0.012246534811981017
-0.012245755713556862
-0.012244755476449556
-0.012243495752910583
-0.012241935127371532
-0.012240029116444121
-0.01223773016892018
-0.012234987665771656
-0.01223174792015062
-0.012227954177389259
-0.012223546614999876
-0.012218462342674893
-0.012212635402286853
-0.012205996767888413
-0.01219847434571235
-0.012189992974171561
-0.012180474423859059
-0.012169837397547973
-0.012157997530191556
-0.012144867388923173
-0.012130356473056316
-0.012114371214084582
-0.012096814975681698
-0.012077588053701505
-0.01205658767617796
-0.01203370800332514
-0.012008840127537241
-0.011981872073388576
-0.011952688797633577
-0.011921172189206793
-0.011887201069222893
-0.011850651190976664
-0.011811395239943007
-0.011769302833776946
-0.011724240522313623
-0.011676071787568293
-0.01162465704373634
-0.011569853637193251
-0.011511515846494647
-0.011449494882376253
-0.01138363888775392
-0.01131379293772362
-0.011239799039561437
-0.011161496132723572
-0.011078720088846349
-0.010991303711746211
-0.010899076737419718
-0.010801865834043538
-0.010699494601974478
-0.010591783573749443
-0.010478550214085464
-0.010359608919879698
-0.010234771020209405
-0.010103844776331975
-0.009966635381684913
-0.009822944961885837
-0.009672572574732492
-0.009515314210202732
-0.00935096279045454
-0.009179308169826006
-0.009000137134835344
-0.008813233404180887
-0.008618377628741085
-0.008415347391574502
-0.008203917207919829
-0.007983858525195864
-0.007754939723001533
-0.007516926113115879
-0.007269579939498054
-0.007012660378287341
-0.006745923537803131
-0.00646912245854494
-0.0061820071131923945
-0.005884324406605249
-0.00557581817582337
-0.005256229190066742
-0.00492529515073547
-0.004582750691409774
-0.004228327377849999
-0.0038617537079965996
-0.0034827551119701525
-0.003091053952071354
-0.0026863695227810165
-0.0022684180507600714
-0.001836912694849568
-0.0013915635460706758
-0.0009320776276246764
-0.0004581588948929768
3.0491764562901376e-5
0.0005341765310013164
0.0010532006525005159
0.0015878724449586152
0.0021385032920936244
0.0027054076454434274
0.0032889030243657964
0.0038893100160383824
0.004506952275458715
0.005142156525444208
0.005795252556632162
0.0064665732274797475
0.007156454464264034
0.007865235261081956
0.008593257679850341
0.009340866850305891
0.010108410970005192
0.010896241304324721
0.011704712186460818
0.01253418101742972
0.013385008266067543
0.014257557469030282
0.015152195230793824
0.01606929122365391
0.017009218187726195
0.017972351930946203
0.01895907132906933
0.019969758325670873
0.021004797932145998
0.022064578227709748
0.023149490359397066
0.024259928542062763
0.025396290058381538
0.02655897525884796
0.027748387561776503
0.028964933453301495
0.03020902248737717
0.031481067285777625
0.03278148353809686
0.034110690001748725
0.03546910850196698
0.03685716393180526
0.03827528425213709
0.039723900491655834
0.04120344674687481
0.04271436018212715
0.044257081029565916
0.045832052589164
0.047439721228714246
0.049080536383829323
0.0507549505579418
0.05246341932230411
0.05420640131598863
0.05598435824588754
0.05779775488671293
0.05964705908099681
0.06153274173909102
0.06345527683916731
0.06541514142721729
0.06741281561705248
0.06944878259030426
0.07152352859642389
0.07363754295268254
0.07579131804417126
0.0779853493238009
0.08022013531230232
0.0824961775982262
0.08481398083794303
0.08717405275564331
0.08957690414333737
0.09202304886085537
0.09451300383584743
0.09704728906378353
0.09962642760795348
0.10225094559946706
0.10492137223725384
0.10763823978806333
0.11040208358646497
0.1132134420348479
0.11607285660342137
0.11898087183021439
0.12193803532107576
0.1249448977496744
0.1280020128574989
0.13110993745385788
0.13426923141587968
0.1374804576885127
0.1407441822845251
0.14406097428450496
0.1474314058368602
0.15085605215781872
0.15433549153142825
0.15787030530955637
0.16146107791189054
0.16510839682593817
0.16881285260702653
0.1725750388783027
0.17639555233073373
0.18027499272310646
0.18421396288202777
0.18821306870192422
0.1922729191450424
0.1963941262414489
0.2005773050890296
0.2048230738534911
0.2091320537683592
0.21350486913498012
0.21794214732251935
0.22244451876796295
0.2270126169761162
0.23164707851960495
0.2363485430388741
0.2411176532421894
0.24595505490563546
0.25086139687311776
0.2558373310563608
0.26088351243490965
0.26600059905612866
0.2711892520352027
0.2764501355551359
0.28178391686675286
0.28719126628869734
0.2926728572074338
0.29822936607724587
0.30386147242023775
0.30956985882633264
0.3153552109532746
0.3212182175266268
0.3271595703397729
0.3331799642539156
0.3392800971980786
0.3454606701691044
0.35172238723165644
0.3580659555182169
0.3644920852290889
0.37100148963239443
0.3775948850640765
0.38427299092789685
0.3910365296954383
0.39788622690610204
0.40482281116711094
0.4118470141535059
0.4189595706081495
0.42616121834172255
0.4334526982327271
0.4408347542274839
0.44830813334013486
0.45587358565264047
0.4635318643147823
0.4712837255441606
0.47912992862619663
0.48707123591413065
0.49510841282902357
0.5032422278597553
0.5114734525630267
0.5198028615633573
0.5282312325530877
0.5367593462923773
0.5453879866092066
0.5541179403993745
0.5629499976265012
0.5718849513220255
0.5809235975852076
0.590066735583126
0.5993151675506803
0.6086696987905887
0.6181311376733911
0.6277002956374454
0.6373779871889309
0.6471650299018452
0.6570622444180079
0.667070454447056
0.6771904867664489
0.6874231712214633
0.6977693407251985
0.7082298312585711
0.7188054818703196
0.729497134677001
0.7403056348629932
0.751231830680493
0.7622765734495185
0.7734407175579057
0.7847251204613124
0.7961306426832148
0.8076581478149104
0.8193085025155147
0.8310825765119657
0.8429812425990183
0.8550053766392501
0.8671558575630559
0.879433567368653
0.891839391122076
0.9043742169571819
0.9170389360756454
0.9298344427469631
0.9427616343084494
0.9558214111652406
0.9690146767902905
0.982342337724376
0.9958053035760901
1.0094044870218493
1.0231408038058871
1.0370151727402594
1.0510285157048394
1.0651817576473226
1.079475826583222
1.0939116535958728
1.1084901728364283
1.1232123215238632
1.1380790399449703
1.1530912714543644
1.1682499624744775
1.183556062495565
1.1990105240756983
1.2146143028407719
1.230368357484498
1.2462736497684104
1.262331144521861
1.2785418096420236
1.2949066160938896
1.3114265379102725
1.3281025521918037
1.3449356391069367
1.361926781891942
1.379076966850914
1.3963871833557617
1.4138584238462186
1.431491683829836
1.449287961881986
1.4672482596458587
1.485373581832467
1.5036649362206402
1.5221233336570315
1.5407497880561098
1.5595453164001676
1.5785109387393141
1.5976476781914821
1.616956560942419
1.6364386162456979
1.656094876422707
1.6759263768626584
1.6959341560225805
1.7161192554273235
1.7364827196695576
1.757025596409773
1.777748936376277
1.7986537933652014
1.819741224240494
1.8410122889339253
1.8624680504450828
1.8841095748413768
1.905937931258035
1.9279541918981071
1.950159432032461
1.9725547299997854
1.995141167206588
2.0179198281271984
2.040891800303763
2.0640581743462523
2.0874200439324513
2.1109785058079695
2.1347346597862336
2.1586896087484924
2.182844458643812
2.2072003184890807
2.2317583003690036
2.2565195194361114
2.281485093910747
2.3066561450810807
2.3320337973030965
2.357619178000603
2.383413417665224
2.40941764985641
2.435633011201423
2.4620606413953516
2.4887016832011004
2.5155572824493966
2.5426285880387844
2.5699167519356316
2.597422929174121
2.625148277856261
2.6530939591518736
2.681261137298607
2.7096509796019235
2.7382646564351107
2.7671033412392703
2.7961682105233305
2.8254604438640323
2.8549812239059436
2.884731736361446
2.9147131700107454
2.9449267167018647
2.9753735713506497
3.0060549319407612
3.036971999523686
3.068125978218725
3.099518075213005
3.131149500761466
3.163021468186874
3.195135193879809
3.227491897298678
