EQUIVALENT TAX REGIME SIMULATIONS - DETAILS
Time spent: 1 day, 4 hours, 31 minutes, 54 seconds, 322 milliseconds

Target regime: Taxes(0.7305, 0.1875, 0.85, 0.0343, 0.352)
Found 49 equivalent regimes:
Taxes(0.7305, 0.13125, 0.85, 0.07998090079322567, 0.352);0.027897381609268815
Taxes(0.7305, 0.13359, 0.85, 0.07819379452992138, 0.352);0.02797126685361299
Taxes(0.7305, 0.13594, 0.85, 0.07638670384700096, 0.352);0.028045963694480192
Taxes(0.7305, 0.13828, 0.85, 0.07457528220144369, 0.352);0.028120865160153725
Taxes(0.7305, 0.14062, 0.85, 0.07275170176104644, 0.352);0.028196182541366445
Taxes(0.7305, 0.14297, 0.85, 0.07090725323588255, 0.352);0.028272262523331114
Taxes(0.7305, 0.14531, 0.85, 0.06905958285411945, 0.352);0.02834818388921237
Taxes(0.7305, 0.14766, 0.85, 0.06719268073995838, 0.352);0.028424611153966554
Taxes(0.7305, 0.15, 0.85, 0.06532251891923957, 0.352);0.02850075237011855
Taxes(0.7305, 0.15234, 0.85, 0.06344187880360248, 0.352);0.02857686462089023
Taxes(0.7305, 0.15469, 0.85, 0.06153752506429438, 0.352);0.028654700666818425
Taxes(0.7305, 0.15703, 0.85, 0.0596278065408556, 0.352);0.028733029661982202
Taxes(0.7305, 0.15937, 0.85, 0.05770505505190153, 0.352);0.02881228942891139
Taxes(0.7305, 0.16172, 0.85, 0.055762618690184305, 0.352);0.028892126611625088
Taxes(0.7305, 0.16406, 0.85, 0.05381756109433446, 0.352);0.028972040601775544
Taxes(0.7305, 0.16641, 0.85, 0.0518494115374047, 0.352);0.029054204270857902
Taxes(0.7305, 0.16875, 0.85, 0.04987599168570323, 0.352);0.029139214915668427
Taxes(0.7305, 0.17109, 0.85, 0.04789007549403676, 0.352);0.029224263133792838
Taxes(0.7305, 0.17344, 0.85, 0.045884220116913385, 0.352);0.029308692877342474
Taxes(0.7305, 0.17578, 0.85, 0.0438758635413442, 0.352);0.029392026422235318
Taxes(0.7305, 0.17812, 0.85, 0.04185081388818188, 0.352);0.0294758775760445
Taxes(0.7305, 0.18047, 0.85, 0.0398009174145781, 0.352);0.029560749177077923
Taxes(0.7305, 0.18281, 0.85, 0.03774623813349501, 0.352);0.02964490751550376
Taxes(0.7305, 0.18516, 0.85, 0.035671216280514166, 0.352);0.02972874706800516
Taxes(0.7305, 0.1875, 0.85, 0.03359161595379128, 0.352);0.029811279824647464
Taxes(0.7305, 0.18984, 0.85, 0.031497231907773655, 0.352);0.029893683198234194
Taxes(0.7305, 0.19219, 0.85, 0.029378379261994207, 0.352);0.029976351046220404
Taxes(0.7305, 0.19453, 0.85, 0.02725448686690471, 0.352);0.030058118736706586
Taxes(0.7305, 0.19688, 0.85, 0.025107337331780496, 0.352);0.03013953568166171
Taxes(0.7305, 0.19922, 0.85, 0.022956521773170223, 0.352);0.03021965164459081
Taxes(0.7305, 0.20156, 0.85, 0.020791947482581105, 0.352);0.03029889440828027
Taxes(0.7305, 0.20391, 0.85, 0.018600241541613525, 0.352);0.03037849450999854
Taxes(0.7305, 0.20625, 0.85, 0.016404245894694386, 0.352);0.030456610197987333
Taxes(0.7305, 0.20859, 0.85, 0.01419372912365702, 0.352);0.030533227665014637
Taxes(0.7305, 0.21094, 0.85, 0.01195824941361496, 0.352);0.030608005549288594
Taxes(0.7305, 0.21328, 0.85, 0.009719001608530425, 0.352);0.03068160235167231
Taxes(0.7305, 0.21562, 0.85, 0.007462916599147463, 0.352);0.030755582575691196
Taxes(0.7305, 0.21797, 0.85, 0.005180832722820823, 0.352);0.030830259374843304
Taxes(0.7305, 0.22031, 0.85, 0.0028916501712013473, 0.352);0.030904960346557032
Taxes(0.7305, 0.22266, 0.85, 0.0005767525416480263, 0.352);0.030980063635243044
Taxes(0.7305, 0.225, 0.85, -0.0017426989222798855, 0.352);0.031054576757055054
Taxes(0.7305, 0.22734, 0.85, -0.0040766487008005205, 0.352);0.03112896645737265
Taxes(0.7305, 0.22969, 0.85, -0.006439375425475048, 0.352);0.03120430492334798
Taxes(0.7305, 0.23203, 0.85, -0.008808838135694094, 0.352);0.03127951044278732
Taxes(0.7305, 0.23438, 0.85, -0.01120499724112821, 0.352);0.03135508471913843
Taxes(0.7305, 0.23672, 0.85, -0.013607249791248608, 0.352);0.03143037733682827
Taxes(0.7305, 0.23906, 0.85, -0.016027116501453092, 0.352);0.03150591431342155
Taxes(0.7305, 0.24141, 0.85, -0.01847514538463448, 0.352);0.03158185994171982
Taxes(0.7305, 0.24375, 0.85, -0.02092999632142396, 0.352);0.03165770143046198

Baseline taxes parameters: Taxes(0.7305, 0.1875, 0.85, 0.0343, 0.352)
Household parameters: HHParams(0.9675, 1.5, 85.0, 2.5)
Firm parameters: FirmParams(0.3333333333333333, 0.084, 1.0)
Computational parameters: CompParams(3000, 0.0001, 500, 1.0e-6)
Asset grid type: polynomial
Grid parameters: GridParams(-1.138506930429756, 300.0, 400, 0.0, 1.0, 150, 7)
