Taxes(0.7305, 0.18906, 0.85, 0.03290839126056977, 0.352)
400
-0.011971077821423043
-0.011971077696491446
-0.011971075822517519
-0.01197106770196383
-0.011971045838934661
-0.011970999739176015
-0.011970915910075609
-0.011970777860662868
-0.01197056610160893
-0.011970258145226656
-0.011969828505470619
-0.0119692486979371
-0.011968487239864099
-0.011967509650131327
-0.011966278449260213
-0.0119647531594139
-0.011962890304397242
-0.01196064340965681
-0.011957963002280884
-0.011954796610999466
-0.011951088766184271
-0.01194678099984872
-0.011941811845647956
-0.011936116838878835
-0.011929628516479926
-0.011922276417031509
-0.011913987080755585
-0.011904684049515866
-0.011894287866817775
-0.011882716077808456
-0.011869883229276759
-0.011855700869653254
-0.011840077549010224
-0.011822918819061667
-0.011804127233163294
-0.011783602346312526
-0.011761240715148507
-0.01173693589795209
-0.01171057845464584
-0.011682055946794041
-0.011651252937602687
-0.01161805099191949
-0.011582328676233877
-0.011543961558676983
-0.01150282220902166
-0.01145878019868248
-0.011411702100715716
-0.011361451489819372
-0.011307888942333153
-0.011250872036238485
-0.011190255351158503
-0.011125890468358062
-0.011057625970743725
-0.010985307442863777
-0.010908777470908208
-0.010827875642708729
-0.010742438547738764
-0.01065229977711345
-0.010557289923589636
-0.010457236581565893
-0.010351964347082493
-0.010241294817821435
-0.010125046593106427
-0.010003035273902889
-0.00987507346281796
-0.009740970764100491
-0.009600533783641044
-0.0094535661289719
-0.00929986840926705
-0.009139238235342205
-0.008971470219654786
-0.008796355976303927
-0.008613684121030477
-0.008423240271217004
-0.008224807045887784
-0.00801816406570881
-0.007803087952987786
-0.007579352331674137
-0.007346727827358998
-0.007104982067275214
-0.006853879680297353
-0.00659318229694169
-0.006322648549366219
-0.006042034071370643
-0.005751091498396384
-0.005449570467526577
-0.0051372176174860704
-0.004813776588641426
-0.0044789880230009195
-0.0041325895642145465
-0.0037743158575740078
-0.0034038985500127244
-0.0030210662901058298
-0.002625544728070172
-0.0022170565157643134
-0.0017953213066885295
-0.0013600557559848131
-0.0009109735204368644
-0.0004477852584701054
2.9801369848331402e-5
0.0005220817028095975
0.0010293540770631377
0.0015519198276166683
0.0020900832878362045
0.0026441517894460393
0.0032144356625287583
0.0038012482355252292
0.004404905835234603
0.005025727786814318
0.005664036413780104
0.006320157038005966
0.006994417979724207
0.007687150557525408
0.008398689088358436
0.009129370887530444
0.009879536268706872
0.010649528543911454
0.01143969402352619
0.012250382016291382
0.013081944829305617
0.013934737768025758
0.014809119136266972
0.015705450236202685
0.01662409536836463
0.017565421831642825
0.018529799923285555
0.019517602938899415
0.020529207172449274
0.02156499191625828
0.022625339461007882
0.0237106350957378
0.02482126710784606
0.02595762678308895
0.027120108405581062
0.028309109257795256
0.0295250296205627
0.03076827277307283
0.03203924499287338
0.03333835555587036
0.034666016736328055
0.03602264380686907
0.03740865503847428
0.03882447170048281
0.04027051806059215
0.041747221384858
0.043255011937694376
0.04479432298187357
0.0463655907785262
0.04796925458714111
0.049605756665565465
0.0512755422700047
0.05297905965502257
0.054716760073541065
0.05648909777684049
0.058296530014559436
0.060139517034694785
0.06201852208360169
0.06393401140599358
0.06588645424494222
0.06787632284187758
0.06990409243658799
0.07197024126722004
0.0740752505702786
0.0762196045806268
0.07840379053148615
0.08062829865443633
0.08289362217941536
0.08520025733471955
0.0875487033470035
0.08993946244128005
0.0923730398409204
0.09484994376765399
0.09737068544156852
0.09993577908111005
0.10254574190308283
0.1052010941226495
0.10790235895333093
0.11065006260700623
0.1134447342939129
0.11628690622264669
0.11917711360016152
0.1221158946317698
0.12510379052114207
0.1281413454703072
0.13122910667965237
0.13436762434792301
0.13755745167222289
0.140799144848014
0.14409326306911663
0.1474403685277094
0.15084102641432917
0.1542958049178711
0.15780527522558863
0.16137001152309355
0.1649905909943558
0.16866759382170374
0.17240160318582395
0.1761932052657613
0.18004298923891895
0.1839515472810583
0.1879194745662992
0.19194736926711972
0.19603583255435586
0.20018546859720251
0.20439688456321234
0.2086706906182968
0.2130074999267249
0.21740792865112488
0.22187259595248227
0.2264021239901419
0.2309971379218058
0.23565826590353536
0.24038613908974932
0.2451813916332255
0.2500446606850993
0.25497658639486503
0.2599778119103747
0.26504898337783933
0.2701907499418273
0.2754037637452662
0.2806886799294411
0.28604615663399613
0.291476854996933
0.2969814391546123
0.30256057624175214
0.30821493639143005
0.3139451927350806
0.31975202140249775
0.32563610152183275
0.3315981152195961
0.3376387476206556
0.3437586868482384
0.3499586240239289
0.3562392532676707
0.3626012716977647
0.36904537943087123
0.37557227958200773
0.3821826782645512
0.3888772845902355
0.39565681066915426
0.4025219716097578
0.4094734855188565
0.41651207350161723
0.4236384596615667
0.43085337110058863
0.4381575379189262
0.44555169321517973
0.453036573086309
0.4606129166276308
0.4682814659328215
0.4760429660939145
0.48389816520130274
0.49184781434373626
0.4998926676083245
0.508033482080534
0.5162710178441908
0.5246060379814781
0.5330393085729386
0.5415715986974717
0.550203680432337
0.5589363288531505
0.5677703220338881
0.5767064410468826
0.5857454699628265
0.5948881958507688
0.604135408778119
0.6134879018106426
0.6229464710124655
0.6325119154460698
0.642185037172298
0.6519666412503489
0.6618575357377814
0.6718585316905109
0.6819704431628131
0.6921940872073198
0.7025302838750228
0.7129798562152714
0.7235436302757734
0.7342224351025946
0.7450171027401598
0.7559284682312508
0.7669573696170096
0.7781046479369341
0.7893711472288829
0.8007577145290706
0.8122651998720727
0.82389445629082
0.8356463398166045
0.8475217094790737
0.8595214273062359
0.8716463583244557
0.8838973705584576
0.8962753350313227
0.9087811257644927
0.9214156197777649
0.9341796970892972
0.9470742407156034
0.9601001366715586
0.973258273970393
0.986549544623698
0.9999748436414209
1.0135350690318692
1.0272311218017067
1.0410639059559579
1.0550343284980026
1.0691432994295822
1.0833917317507935
1.0977805414600939
1.1123106475542968
1.1269829720285762
1.1417984398764622
1.1567579790898455
1.1718625206589728
1.187112998572451
1.2025103498172431
1.218055514378673
1.233749435240421
1.2495930583845267
1.2655873327913871
1.2817332104397583
1.2980316463067534
1.3144835983678465
1.3310900275968662
1.3478518979660037
1.3647701764458036
1.3818458330051728
1.3990798406113747
1.4164731752300324
1.4340268158251241
1.4517417443589906
1.4696189457923268
1.4876594080841898
1.5058641221919913
1.5242340820715046
1.5427702846768583
1.5614737299605426
1.5803454208734016
1.5993863633646421
1.6185975663818264
1.637980041870877
1.6575348047760723
1.677262873040051
1.6971652676038094
1.7172430124067026
1.737497134386442
1.7579286634791005
1.7785386326191062
1.7993280777392484
1.8202980377706712
1.8414495546428804
1.8627836732837377
1.8843014416194652
1.9060039105746407
1.9278921340722026
1.9499671690334455
1.972230075378025
1.994681916023952
2.017323756887599
2.0401566668836923
2.0631817179253216
2.0863999849239296
2.1098125457893233
2.1334204814296625
2.157224875751469
2.1812268156596186
2.2054273910573516
2.2298276948462608
2.254428822926301
2.2792318741957835
2.304237950551379
2.329448156888114
2.3548636010993778
2.380485394076912
2.406314649710823
2.4323524848895697
2.4586000194999738
2.4850583764272116
2.511728681554821
2.538612063764696
2.56570965493709
2.5930225899506123
2.620552006682235
2.6482990460072835
2.676264851799446
2.704450570930764
2.7328573532716436
2.7614863516908423
2.7903387220554823
2.819415623231039
2.848718217081349
2.878247668468606
2.9080051452533633
2.9379918182945293
2.9682088614493756
2.9986574515735263
3.0293387685209705
3.060253995144049
3.091404317293466
3.122790923818279
3.1544150065659102
