Taxes(0.7305, 0.15313, 0.85, 0.06348912190353313, 0.352)
400
-0.011465150159711158
-0.011465150040059482
-0.011465148245284374
-0.011465140467925575
-0.01146511952888265
-0.011465075377414998
-0.011464995091141844
-0.01146486287604224
-0.01146466006645506
-0.011464365125079014
-0.011463953642972636
-0.01146339833955429
-0.011462669062602163
-0.01146173278825427
-0.011460553621008458
-0.011459092793722401
-0.011457308667613594
-0.011455156732259367
-0.011452589605596872
-0.011449557033923093
-0.011446005891894841
-0.01144188018252875
-0.011437121037201289
-0.011431666715648745
-0.011425452605967244
-0.01141841122461273
-0.011410472216400977
-0.01140156235450759
-0.011391605540467998
-0.011380522804177458
-0.011368232303891057
-0.011354649326223707
-0.011339686286150147
-0.011323252727004948
-0.011305255320482504
-0.011285597866637036
-0.011264181293882597
-0.011240903658993065
-0.011215660147102145
-0.011188343071703369
-0.0111588418746501
-0.011127043126155525
-0.01109283052479266
-0.011056084897494349
-0.011016684199553263
-0.0109745035146219
-0.010929415054712585
-0.010881288160197474
-0.010829989299808548
-0.010775382070637616
-0.01071732719813631
-0.010655682536116097
-0.01059030306674827
-0.010521040900563947
-0.010447745276454073
-0.010370262561669423
-0.010288436251820599
-0.01020210697087803
-0.01011111247117197
-0.010015287633392508
-0.009914464466589555
-0.009808472108172844
-0.009697136823911951
-0.009580282007936265
-0.00945772818273501
-0.009329292999157236
-0.009194791236411818
-0.009054034802067462
-0.0089068327320527
-0.00875299119065589
-0.008592313470525224
-0.008424599992668712
-0.0082496483064542
-0.008067253089609356
-0.00787720614822168
-0.007679296416738493
-0.00747330995796695
-0.007259029963074031
-0.007036236751586546
-0.006804707771391126
-0.006564217598734237
-0.006314537938222169
-0.00605543762282104
-0.005786682613856793
-0.005508036001015204
-0.005219258002341874
-0.00492010596424223
-0.004610334361481527
-0.004289694797184848
-0.003957936002837108
-0.00361480383828304
-0.0032600412917272122
-0.0028933884797340188
-0.0025145826472276795
-0.002123358167492244
-0.001719446542171588
-0.001302576401269417
-0.0008724735031492581
-0.0004288607345344735
2.854188949175102e-5
0.0005000172254864002
0.0009858510016466382
0.0014863318178097887
0.002001751145453359
0.002532403327695023
0.0030785855792926317
0.0036405979866442058
0.0042187435077879355
0.004813327972402188
0.005424660081805503
0.006053051408956587
0.0066988163984543275
0.007362272366537778
0.008043739501086167
0.008743540861618894
0.00946200237929553
0.010199452856915826
0.010956223968919692
0.01173265026138722
0.012529069152038679
0.013345820930234495
0.014183248756975289
0.015041698664901825
0.015921519558295065
0.016823063213076132
0.01774668427680632
0.0186927402686871
0.01966159157956012
0.020653601471907184
0.021669136079850288
0.022708564409151585
0.023772258337213418
0.024860592613078273
0.025973944857428852
0.027112695562587975
0.02827722809251869
0.029467928682824173
0.030685186440747806
0.03192939334517311
0.03320094424662381
0.034500236867263785
0.03582767180089709
0.03718365251296795
0.03856858534056078
0.039982879492400154
0.04142694704885081
0.04290120296191765
0.044406065055245796
0.0459419540241205
0.04750929343546719
0.049108509727851475
0.05074003221147916
0.05240429306819616
0.054101727351488625
0.05583277298648285
0.057597870769945304
0.059397464370282635
0.06123200032754165
0.06310192805340933
0.06500769983121286
0.06694977081591956
0.06892859903413692
0.07094464538411266
0.07299837363573457
0.07509025043053072
0.0772207452816693
0.07939033057395867
0.08159948156384735
0.08384867637942409
0.08613839602041773
0.08846912435819737
0.09084134813577223
0.09325555696779168
0.09571224334054534
0.09821190261196293
0.10075503301161437
0.10334213564070979
0.10597371447209937
0.10865027635027363
0.11137233099136318
0.11414039098313872
0.11695497178501128
0.11981659172803195
0.12272577201489207
0.12568303671992306
0.12868891278909658
0.1317439300400245
0.13484862116195873
0.13800352171579144
0.141209170134055
0.14446610772092194
0.14777487865220487
0.1511360299753567
0.1545501116094704
0.15801767634527922
0.16153927984515648
0.1651154806431158
0.16874684014481076
0.17243392262753537
0.1761772952402236
0.17997752800344977
0.18383519380942834
0.18775086842201358
0.19172513047670056
0.19575856148062398
0.19985174581255918
0.2040052707229211
0.20821972633376554
0.21249570563878772
0.21683380450332387
0.22123462166434946
0.2256987587304811
0.23022682018197466
0.23481941337072695
0.23947714852027432
0.24420063872579392
0.24899049995410238
0.2538473510436572
0.25877181370455543
0.26376451251853483
0.26882607493897276
0.27395713129088745
0.2791583147709366
0.2844302614474188
0.2897736102602718
0.2951890030210748
0.300677084413046
0.3062385019910448
0.3118739061815696
0.3175839502827603
0.32336929046439583
0.3292305857678961
0.33516849810632054
0.34118369226436945
0.34727683589838243
0.3534485995363403
0.3596996565778629
0.3660306832942115
0.3724423588282862
0.3789353651946287
0.3855103872794193
0.39216811284048014
0.398909232507272
0.40573443978089707
0.4126444310340966
0.41963990551125313
0.4267215653283884
0.4338901154731652
0.4411462638048855
0.44849072105449245
0.45592420082456847
0.4634474195893371
0.47106109669466095
0.47876595435804403
0.4865627176686293
0.4944521145872009
0.5024348759461823
0.5105117354496381
0.518683429673272
0.526950698064429
0.5353142829420927
0.5437749294968891
0.552333385791082
0.5609904027585775
0.5697467342049197
0.5786031368072954
0.587560370114529
0.5966191965470871
0.605780381397075
0.6150446928282396
0.6244129018759663
0.6338857824472827
0.6434641113208541
0.6531486681469887
0.6629402354476323
0.6728395986163728
0.6828475459184371
0.6929648684906933
0.7031923603416483
0.7135308183514508
0.7239810422718879
0.7345438347263887
0.7452200012100209
0.7560103500894936
0.7669156926031545
0.7779368428609941
0.7890746178446398
0.8003298374073625
0.8117033242740699
0.8231959040413129
0.8348084051772803
0.8465416590218028
0.8583964997863497
0.8703737645540324
0.8824742932796001
0.8946989287894447
0.9070485167815954
0.9195239058257247
0.9321259473631424
0.944855495706801
0.957713408041291
0.9707005444228449
0.9838177677793338
0.9970659439102705
1.0104459414868059
1.0239586320517338
1.0376048900194854
1.0513855926761346
1.065301620179393
1.0793538555586148
1.0935431847147923
1.1078704964205597
1.1223366823201895
1.1369426369295965
1.1516892576363338
1.166577444699596
1.1816081012502166
1.1967821332906712
1.2121004496950734
1.2275639622091783
1.2431735854503803
1.2589302369077155
1.274834836941858
1.290888308785125
1.30709157854147
1.32344557518649
1.3399512305674206
1.3566094794031387
1.373421259284159
1.39038751067264
1.4075091769023762
1.4247872041788063
1.442222541579006
1.4598161410516934
1.4775689574172248
1.4954819483675994
1.5135560744664527
1.5317922991490642
1.550191588722351
1.5687549123648725
1.5874832421268255
1.6063775529300492
1.6254388225680227
1.6446680317058655
1.6640661638803345
1.6836342054998308
1.7033731458443928
1.7232839770657014
1.7433676941870744
1.7636252951034734
1.7840577805814974
1.8046661542593878
1.8254514226470242
1.8464145951259274
1.8675566839492574
1.8888787042418171
1.9103816740000454
1.9320666140920262
1.9539345482574781
1.975986503107765
1.9982235081258866
2.0206465956664874
2.0432568009558483
2.0660551620918914
2.0890427200441786
2.112220518653915
2.13558960463394
2.1591510275687402
2.1829058399144365
2.2068550969987935
2.2309998570212124
2.255341181052741
2.2798801330360594
2.3046177797854934
2.3295551909870067
2.3546934391982046
2.38003359984833
2.40557675123827
2.4313239745405477
2.4572763537993296
2.4834349759304186
2.5098009307212625
2.5363753108309455
2.5631592117901953
2.5901537320013746
2.6173599727384933
2.644779038147194
2.6724120352447667
2.700260073920135
2.728324266933868
2.756605729918171
2.785105581376894
2.81382494268552
2.84276493809118
2.8719266947126396
2.901311342540309
2.9309200144362335
2.9607538461341036
2.990813976239245
3.02110154622863
