Taxes(0.7305, 0.22188, 0.85, 0.0020821359507432035, 0.352)
400
-0.01240711589584893
-0.012407115766366788
-0.01240711382413468
-0.012407105407795544
-0.012407082748420943
-0.012407034969511073
-0.012406948086994753
-0.012406805009229426
-0.012406585537001162
-0.012406266363524661
-0.012405821074443248
-0.012405220147828872
-0.012404430954182111
-0.012403417756432163
-0.012402141709936865
-0.01240056086248267
-0.012398630154284659
-0.012396301417986545
-0.012393523378660655
-0.012390241653807957
-0.012386398753358037
-0.012381934079669109
-0.012376783927528015
-0.012370881484150218
-0.012364156829179816
-0.012356536934689525
-0.012347945665180694
-0.012338303777583293
-0.01232752892125592
-0.012315535637985804
-0.01230223536198879
-0.012287536419909362
-0.01227134403082062
-0.0122535603062243
-0.012234084250050754
-0.012212811758658966
-0.012189635620836546
-0.01216444551779973
-0.012137128023193382
-0.012107566603090987
-0.012075641615994663
-0.012041230312835152
-0.01200420683697182
-0.011964442224192663
-0.011921804402714299
-0.011876158193181979
-0.011827365308669568
-0.011775284354679576
-0.011719770829143123
-0.011660677122419966
-0.011597852517298477
-0.011531143188995665
-0.011460392205157162
-0.011385439525857225
-0.011306122003598738
-0.01122227338331321
-0.011133724302360783
-0.011040302290530216
-0.010941831770038898
-0.010838134055532852
-0.010729027354086712
-0.010614326765203748
-0.01049384428081586
-0.010367388785283566
-0.010234766055396015
-0.010095778760370981
-0.009950226461854865
-0.009797905613922693
-0.00963860956307812
-0.009472128548253422
-0.009298249700809511
-0.009116757044535915
-0.008927431495650793
-0.008730050862800933
-0.008524389847061744
-0.008310220041937265
-0.008087309933360157
-0.007855424899691717
-0.007614327211721858
-0.0073637760326691224
-0.007103527418180684
-0.006833334316332334
-0.006552946567628499
-0.0062621109050022255
-0.00596057095381519
-0.005648067231857694
-0.005324337149348665
-0.004989115008935657
-0.004642132005694849
-0.0042831162271310536
-0.003911792653177699
-0.003527883156196846
-0.003131106500979182
-0.002721178344744018
-0.0022978112371392946
-0.0018607146202415754
-0.001409594828556055
-0.0009441550890165465
-0.0004640955209854979
3.088686374602084e-5
0.0005410981609583111
0.0010668475740030557
0.0016084474138032966
0.0021662130988534625
0.0027404631552193476
0.0033315192165381266
0.003939706024018345
0.004565351426439917
0.005208786380154136
0.005870344949083669
0.006550364304722551
0.007249184726136202
0.007967149599961405
0.00870460542040632
0.00946190178925048
0.01023939141584479
0.01103743011711154
0.011856376817544374
0.012696593549208325
0.013558445451739797
0.014442300772346562
0.015348530865807779
0.016277510194473956
0.017229616328266997
0.018205229944680174
0.019204734828778124
0.02022851787319687
0.021276969078143807
0.022350481551397686
0.02344945150830866
0.024574278271798228
0.02572536427235929
0.026903115048056092
0.02810793924452428
0.02934024861497084
0.030600458020174175
0.03188898542848403
0.03320625191582153
0.03455268166567917
0.03592870196912083
0.037334743224781766
0.038771238938868594
0.0402386257251593
0.041737343305003276
0.04326783450732125
0.04483054526860534
0.046425924632919016
0.04805442475189719
0.04971650088474606
0.05141261139824324
0.05314321776673772
0.054908784572149885
0.05670977950397142
0.05854667335926546
0.06041994004266647
0.06233005656638032
0.06427750305018423
0.06626276272142678
0.06828632191502797
0.07034867007347914
0.072450299746843
0.07459170659275366
0.07677338937641659
0.0789958499706086
0.08125959335567794
0.08356512761954421
0.08591296395769833
0.08830361667320265
0.0907376031766909
0.09321544398636813
0.09573766272801083
0.09830478613496683
0.1009173440481553
0.10357586941606686
0.10628089829476343
0.10903296984787834
0.11183262634661635
0.11468041316975341
0.11757687880363708
0.12052257484218615
0.12351805598689075
0.12656388004681254
0.1296606079385844
0.13280880368641068
0.13600903442206702
0.13926187038490054
0.14256788492182965
0.14592765448734416
0.1493417586435052
0.15281078005994542
0.15633530451386873
0.15991592089005036
0.16355322118083707
0.16724780048614685
0.1710002570134692
0.17481119207786483
0.17868121010196597
0.18261091861597611
0.18660092825767027
0.19065185277239463
0.1947643090130669
0.1989389169401763
0.20317629962178282
0.20747708323351866
0.2118418970585867
0.21627137348776174
0.22076614801938935
0.22532685925938717
0.2299541489212435
0.23464866182601882
0.23941104590234397
0.24424195218642228
0.24914203482202746
0.2541119510605054
0.2591523612607726
0.26426392888931777
0.2694473205202001
0.27470320583505103
0.28003225762307266
0.28543515178103895
0.29091256731329473
0.296465186331757
0.3020936940559132
0.30779877881282297
0.3135811320371164
0.31944144827099613
0.32538042516423504
0.33139876347417835
0.3374971670657416
0.34367634291141286
0.3499370010912506
0.35627985479288543
0.3627056203115186
0.3692150170499235
0.37580876751844394
0.3824875973349963
0.38925223522506713
0.3961034130217156
0.4030418656655707
0.4100683312048346
0.4171835507952789
0.4243882687002487
0.4316832322906584
0.4390691920449954
0.4465469015493172
0.454117117497254
0.46178059969000584
0.4695381110363458
0.47739041755261674
0.4853382883627341
0.49338249569818393
0.5015238148980243
0.5097630244088839
0.5181009057849637
0.5265382436880348
0.5350758258874413
0.543714443260097
0.5524548897904885
0.5612979625706725
0.5702444618002784
0.5792951907865056
0.5884509559441263
0.5977125667954826
0.6070808359704895
0.6165565792066314
0.6261406153489666
0.6358337663501225
0.6456368572702993
0.6555507162772675
0.6655761746463703
0.6757140667605207
0.6859652301102049
0.6963305052934784
0.7068107360159701
0.7174067690908784
0.7281194544389747
0.7389496450886007
0.7498981971756701
0.7609659699436673
0.7721538257436491
0.7834626300342422
0.7948932513816466
0.8064465614596315
0.8181234350495395
0.8299247500402828
0.8418513874283469
0.8539042313177863
0.8660841689202297
0.8783920905548739
0.8908288896484905
0.9033954627354194
0.9160927094575743
0.9289215325644382
0.9418828379130679
0.9549775344680889
0.9682065343017006
0.9815707525936709
0.9950711076313423
1.0087085208096258
1.0224839166310062
1.0363982227055375
1.0504523697508472
1.0646472915921321
1.078983925162162
1.0934632105012767
1.108086090757389
1.1228535121859813
1.137766424150109
1.1528257791203975
1.168032532675045
1.183387643499819
1.198892073388061
1.2145467872406814
1.2303527530661642
1.2463109419805625
1.2624223282075029
1.2786878890781814
1.2951086050313678
1.3116854596134002
1.3284194394781912
1.345311534387222
1.3623627372095477
1.3795740439217925
1.3969464536081544
1.4144809684603996
1.4321785937778686
1.4500403379674716
1.468067212543692
1.4862602321285812
1.504620414451766
1.523148780350441
1.5418463537693756
1.560714161760907
1.579753234484947
1.598964605208976
1.618349310308049
1.637908389264788
1.6576428846693911
1.677553842219624
1.6976423107208265
1.7179093420859075
1.7383559913353486
1.758983316597203
1.7797923791070953
1.800784243208219
1.8219599763513425
1.8433206490948038
1.8648673351045126
1.886601111153949
1.9085230571241665
1.9306342560037877
1.952935793889009
1.9754287599835958
1.9981142465988861
2.020993349153789
2.0440671661747856
2.067336799295927
2.0908033532588384
2.114467935912712
2.138331658214316
2.1623956342279858
2.1866609811256326
2.211128819186735
2.235800271798345
2.260676465455084
2.28575852975915
2.3110475974203046
2.336544804255888
2.3622512891908065
2.3881681942575415
2.4142966645961423
2.4406378484542346
2.4671928971870085
2.493962965257232
2.52094921023524
2.548152792798943
2.575574876733817
2.6032166289329166
2.631079219396861
2.6591638212338458
2.6874716106596335
2.7160037669975634
2.74476147267854
2.7737459132410454
2.802958277331127
2.8323997567024097
2.8620715462160837
2.8919748438409165
2.922110850653241
2.952480770836967
2.9830858116835715
3.013927183592106
3.0450061000691897
3.076323777729018
3.107881436293352
3.139680298591531
3.1717215905604585
3.204006541244615
3.236536382796048
3.2693123504743817
