Taxes(0.7305, 0.15625, 0.85, 0.060953103072182144, 0.352)
400
-0.011506811599020252
-0.011506811478933792
-0.011506809677636929
-0.011506801872017186
-0.011506780856887106
-0.01150673654498425
-0.011506655966971202
-0.011506523271435557
-0.011506319724889925
-0.011506023711771942
-0.01150561073444426
-0.011505053413194542
-0.011504321486235477
-0.011503381809704762
-0.011502198357665121
-0.011500732222104295
-0.011498941612935033
-0.011496781857995114
-0.011494205403047322
-0.011491161811779472
-0.011487597765804386
-0.01148345706465991
-0.011478680625808904
-0.011473206484639245
-0.011466969794463834
-0.011459902826520582
-0.01145193496997242
-0.0114429927319073
-0.011432999737338185
-0.011421876729203063
-0.011409541568364935
-0.011395909233611822
-0.011380891821656759
-0.011364398547137803
-0.011346335742618027
-0.01132660685858552
-0.01130511246345339
-0.011281750243559761
-0.011256415003167779
-0.011228998664465605
-0.011199390267566414
-0.011167475970508404
-0.011133139049254791
-0.011096259897693802
-0.011056716027638688
-0.011014382068827717
-0.010969129768924168
-0.010920827993516348
-0.010869342726117575
-0.010814537068166185
-0.010756271239025532
-0.01069440257598399
-0.010628785534254948
-0.010559271686976813
-0.01048570972521301
-0.010407945457951982
-0.010325821812107191
-0.010239178832517112
-0.010147853681945242
-0.010051680641080096
-0.009950491108535202
-0.009844113600849106
-0.009732373752485382
-0.009615094315832606
-0.009492095161204384
-0.009363193276839333
-0.009228202768901088
-0.009086934861478307
-0.008939197896584658
-0.008784797334158831
-0.008623535752064536
-0.008455212846090495
-0.00827962542995045
-0.008096567435283163
-0.00790582991165241
-0.007707201026546984
-0.0075004660653807
-0.0072854074314923885
-0.007061804646145899
-0.0068294343485300925
-0.006588070295758857
-0.00633748336287109
-0.006077441542830712
-0.005807709946526657
-0.00552805080277288
-0.005238223458308353
-0.004937984377797064
-0.004627087143828019
-0.004305282456915242
-0.003972318135497779
-0.003627939115939683
-0.003271887452530034
-0.002903902317482927
-0.002523720000937473
-0.002131073910957804
-0.0017256945735330646
-0.0013073096325774238
-0.0008756438499300596
-0.00043041910535517557
2.8645603458010786e-5
0.0005018341608952625
0.0009894333334173322
0.0014917327695599415
0.002009024999933806
0.0025416054372246182
0.0030897723761930556
0.0036538269936747785
0.004234073348580424
0.004830818381895617
0.0054443719166809654
0.006075046658072052
0.006723158193279456
0.007389024991588724
0.008072968404360392
0.00877531266502998
0.009496384889107983
0.010236515074179893
0.010996036099906164
0.011775283728022246
0.012574596602338575
0.013394316248740556
0.014234787075188594
0.015096356371718052
0.015979374310439293
0.016884193945537668
0.017811171213273486
0.018760664931982064
0.019733036802073688
0.020728651406033628
0.021747876208422137
0.02279108155587445
0.02385864067710079
0.02495092968288635
0.026068327566091325
0.027211216201650866
0.02837998034657513
0.029575007639949243
0.030796688602933327
0.03204541663876246
0.03332158803274673
0.03462560195227119
0.03595786044679589
0.037318768447855845
0.038708733769061074
0.04012816710609657
0.041577482036722284
0.04305709502077317
0.04456742540015919
0.04610889539886524
0.04768193012295123
0.04928695756055204
0.050924408581877544
0.052594716939212575
0.05429831926691697
0.056035655081425544
0.0578071667812481
0.0596132996469694
0.06145450184124922
0.06333122440882229
0.06524392127649833
0.06719304925316207
0.06917906802977317
0.07120244017936633
0.07326363115705119
0.07536310930001239
0.07750134582750955
0.07967881484087727
0.08189599332352511
0.08415336114093769
0.08645140104067452
0.08879059865237013
0.09117144248773404
0.09359442394055076
0.09606003728667975
0.09856877968405546
0.10112115117268736
0.10371765467465989
0.1063587959941324
0.10904508381733932
0.11177702971259004
0.11455514813026885
0.11737995640283516
0.12025197474482323
0.12317172625284241
0.12613973690557695
0.12915653556378612
0.1322226539703042
0.1353386267500404
0.1385049914099789
0.14172228833917896
0.14499106080877475
0.14831185497197535
0.151685219864065
0.1551117074024028
0.15859187238642283
0.16212627249763417
0.16571546829962097
0.1693600232380422
0.17306050364063194
0.1768174787171992
0.18063152055962797
0.1845032041418774
0.18843310731998109
0.19242181083204835
0.19646989829826284
0.20057795622088376
0.20474657398424467
0.2089763438547548
0.21326786098089767
0.2176217233932325
0.22203853200439266
0.22651889060908745
0.23106340588410024
0.23567268738829014
0.24034734756259055
0.2450880017300106
0.24989526809563364
0.25476976774661875
0.2597121246521992
0.2647229656636841
0.2698029205144566
0.2749526218199759
0.2801727050777751
0.2854638086674632
0.29082657385072336
0.29626164477131456
0.30176966845507003
0.30735129480989865
0.3130071766257834
0.3187379695747834
0.3245443322110315
0.3304269259707367
0.33638641517218204
0.3424234670157263
0.3485387515838024
0.35473294184091925
0.3610067136336597
0.3673607456906828
0.37379571962272096
0.38031231992258346
0.3869112339651527
0.3935931520073878
0.40035876718832125
0.407208775529062
0.4141438759327926
0.4211647701847719
0.4282721629523325
0.43546676178488314
0.44274927711390644
0.450120422252961
0.45758091339767953
0.4651314696257706
0.4727728128970168
0.4805056680532767
0.4883307628184828
0.49624882779864365
0.5042605964818417
0.5123668052382357
0.520568193320058
0.5288655028616169
0.5372594788792949
0.5457508692715507
0.5543404248189164
0.5630288991840007
0.5718170489114853
0.5807056334281295
0.589695415042765
0.5987871589463003
0.6079816332117176
0.6172796087940755
0.6266818595305058
0.6361891621402173
0.6458022962244917
0.6555220442666877
0.665349191632237
0.6752845265686481
0.6853288402055031
0.6954829265544602
0.7057475825092514
0.7161236078456851
0.7266118052216428
0.7372129801770833
0.747927941134038
0.7587574993966155
0.7697024691509973
0.780763667465442
0.7919419142902809
0.8032380324579229
0.8146528476828488
0.8261871885616175
0.8378418865728603
0.8496177760772855
0.8615156943176745
0.8735364814188858
0.8856809803878508
0.8979500371135778
0.9103445003671476
0.9228652218017194
0.9355130559525235
0.9482888602368689
0.9611934949541364
0.9742278232857845
0.9873927112953444
1.0006890279284242
1.014117645012705
1.027679437257945
1.0413752822559752
1.055206060480704
1.0691726552881125
1.0832759529162586
1.0975168424852733
1.1118962159973649
1.1264149683368143
1.1410739972699795
1.1558742034452913
1.1708164903932579
1.1859017645264602
1.2011309351395565
1.2165049144092772
1.2320246173944305
1.2476909620358967
1.2635048691566346
1.2794672624616745
1.2955790685381248
1.3118412168551654
1.3282546397640542
1.3448202724981229
1.361539053172779
1.378411922785502
1.3954398252158513
1.4126237072254564
1.4299645184580259
1.44746321143934
1.4651207415772562
1.4829380671617054
1.5009161493646959
1.5190559522403067
1.5373584427246967
1.555824590636096
1.5744553686748122
1.593251752423226
1.6122147203457942
1.6313452537890483
1.6506443369815957
1.670112957034116
1.689752103939367
1.7095627705721796
1.729545952689461
1.7497026489301912
1.770033860815428
1.7905405927483018
1.8112238520140196
1.8320846487798623
1.8531239960951862
1.8743429098914222
1.895742408982078
1.9173235150627328
1.9390872527110454
1.9610346493867443
1.9831667354316378
2.005484544069605
2.027989111406605
2.0506814764306665
2.073562681011897
2.0966337699024753
2.119895790736661
2.143349794030782
2.166996833183247
2.190837964474535
2.2148742470672036
2.2391067430058818
2.263536517217278
2.288164637510171
2.3129921745754185
2.33802020198595
2.363249796196773
2.3886820365449664
2.414318005249688
2.4401587874121673
2.4662054710157117
2.4924591469256994
2.5189209088895894
2.5455918535369095
2.5724730803792686
2.599565691810344
2.6268707931058946
2.6543894924237486
2.682122900803814
2.710072132168069
2.7382383033205717
2.7666225339474506
2.795225946616914
2.8240496667792394
2.853094822766785
2.882362545793979
2.91185396995733
2.941570232235415
2.9715124724888926
3.001681833460491
3.032079460775018
