Taxes(0.7305, 0.18438, 0.85, 0.03706683445184722, 0.352)
400
-0.011904981602716871
-0.011904981478475062
-0.011904979614847953
-0.011904971539130487
-0.011904949796814222
-0.011904903951587354
-0.011904820585334708
-0.011904683298137726
-0.011904472708274478
-0.01190416645221967
-0.011903739184644626
-0.011903162578417299
-0.011902405324602265
-0.011901433132460733
-0.011900208729450535
-0.011898691861226133
-0.01189683929163861
-0.01189460480273568
-0.011891939194761678
-0.011888790286157575
-0.011885102913560961
-0.011880818931806054
-0.011875877213923703
-0.011870213651141376
-0.011863761152883177
-0.011856449646769825
-0.011848206078618678
-0.01183895441244371
-0.011828615630455527
-0.011817107733061365
-0.011804345738865076
-0.011790241684667153
-0.0117747046254647
-0.01175764063445146
-0.011738952803017797
-0.011718541240750701
-0.011696303075433791
-0.011672132453047313
-0.011645920537768138
-0.011617555511969763
-0.011586922576222314
-0.01155390394929254
-0.011518378868143822
-0.011480223587936161
-0.011439311382026189
-0.011395512541967167
-0.011348694377508975
-0.011298721216598126
-0.011245454405377756
-0.011188752308187633
-0.011128470307564144
-0.011064460804240306
-0.010996573217145766
-0.010924653983406795
-0.010848546558346285
-0.010768091415483762
-0.01068312604653538
-0.010593484961413914
-0.010498999688228766
-0.010399498773285968
-0.010294807781088176
-0.010184749294334675
-0.010069142913921372
-0.009947805258940807
-0.009820549966682142
-0.009687187692631168
-0.0095475261104703
-0.00940136991207858
-0.009248520807531682
-0.009088777525101899
-0.008921935811258155
-0.008747788430666
-0.00856612516618761
-0.008376732818881788
-0.008179395208003964
-0.007973893171006193
-0.007760004563537155
-0.007537504259442165
-0.007306164150763158
-0.007065753147738691
-0.006816037178803961
-0.006556779190590777
-0.006287739147927586
-0.006008674033839453
-0.005719337849548077
-0.005419481614471781
-0.00510885336622551
-0.0047871981606208425
-0.004454258071665978
-0.004109772191565749
-0.0037534766307216064
-0.0033851045177316344
-0.0030043859993905413
-0.0026110482406896617
-0.0022048154248169587
-0.0017854087531570188
-0.0013525464452910601
-0.0009059437389969197
-0.000445312890249069
2.963682678139771e-5
0.0005191991197267576
0.0010236706780226686
0.0015433511729081482
0.0020785432574255995
0.0026295525664207925
0.003196687716542875
0.003780260306244367
0.0043805849157811565
0.004997979107212511
0.005632763424401071
0.006285261393012846
0.006955799520517225
0.007644707296186966
0.008352317191098203
0.009078964658130437
0.009824988131966552
0.010590729029092803
0.011376531747798808
0.012182743668177568
0.013009715152125465
0.013857799543342235
0.01472735316733101
0.015618735331398268
0.016532308324653883
0.0174684374180111
0.01842749086418652
0.019409839897700138
0.02041585873487532
0.02144592457383878
0.022500417594520643
0.023579720958654377
0.024684220809776846
0.02581430627322827
0.026970369456152256
0.028152805447495766
0.029362012318009157
0.03059839112024615
0.03186234588856384
0.03315428363912268
0.03447461436988652
0.03582375106062258
0.03720210967290143
0.03861010915009705
0.04004817141738677
0.0415167213817513
0.04301618693197471
0.044546998938644444
0.04610959125415137
0.04770440071268966
0.04933186713025688
0.050992433304654
0.052686545015485337
0.05441465102415857
0.05617720307388478
0.05797465588967841
0.05980746717835727
0.06167609762854255
0.0635810109106588
0.06552267367693398
0.06750155556139939
0.06951812917988968
0.07157287013004296
0.07366625699130062
0.07579877132490746
0.07797089767391169
0.08018312356316483
0.0824359394993218
0.0847298389708409
0.08706531844798382
0.08944287738281556
0.09186301820920457
0.09432624634282263
0.0968330701811449
0.09938400110344993
0.10197955347081958
0.10462024462613918
0.10730659489409743
0.11003912758118622
0.11281836897570108
0.11564484834774078
0.11851909794920736
0.12144165301380647
0.12441305175704691
0.12743383537624103
0.1305045480505044
0.13362573694075608
0.13679795218971846
0.14002174692191732
0.14329767724368173
0.14662630224314424
0.15000818399024077
0.15344388753671048
0.1569339809160961
0.1604790351437436
0.16407962421680233
0.16773632511422507
0.17144971779676796
0.17522038520699043
0.17904891326925543
0.1829358908897291
0.18688190995638118
0.1908875653389847
0.19495345488911575
0.19908017944015438
0.20326834280728343
0.2075185517874897
0.21183141615956266
0.21620754868409592
0.22064756510348574
0.2251520841419325
0.22972172750543907
0.23435711988181265
0.23905888894066293
0.24382766533340375
0.24866408269325158
0.253568777635227
0.25854238975615323
0.26358556163465763
0.2686989388311702
0.27388316988792494
0.2791389063289586
0.28446680266011204
0.2898675163690287
0.2953417079251561
0.3008900407797445
0.30651318136584826
0.3122117990983243
0.3179865663738337
0.3238381585708401
0.3297672540496113
0.33577453415221786
0.3418606832025344
0.3480263885062379
0.35427234035080984
0.36059923200553395
0.36700775972149857
0.3734986227315942
0.38007252325051577
0.3867301664747605
0.3934722605826303
0.4002995167342288
0.407212649071465
0.4142123747180492
0.42129941377949687
0.4284744893431254
0.43573832747805674
0.4430916572352152
0.45053521064732954
0.45806972272893065
0.465695931476354
0.4734145778677374
0.481226405863023
0.4891321624039553
0.4971325974140833
0.5052284637987582
0.5134205174451355
0.5217095172221735
0.5300962249806346
0.5385814055530833
0.547165826753889
0.555850259379223
0.5646354772070615
0.5735222569971826
0.582511378491169
0.5916036244124053
0.6007997804660816
0.6101006353391891
0.6195069807005243
0.6290196112006853
0.6386393244720755
0.6483669211288996
0.6582032047671678
0.6681489819646914
0.6782050622810876
0.6883722582577745
0.6986513854179753
0.7090432622667159
0.7195487102908258
0.7301685539589373
0.7409036207214873
0.7517547410107143
0.7627227482406621
0.7738084788071761
0.7850127720879067
0.7963364704423058
0.8077804192116312
0.8193454667189414
0.8310324642691006
0.8428422661487739
0.8547757296264324
0.8668337149523484
0.8790170853585993
0.8913267070590642
0.9037634492494275
0.916328184107175
0.9290217867915976
0.9418451354437876
0.9547991111866432
0.9678845981248632
0.9811024833449525
0.994453656915217
1.007939011885768
1.0215594442885185
1.035315853137186
1.0492091404272903
1.063240211136156
1.0774099732229097
1.0917193376284826
1.1061692182756075
1.1207605320688234
1.1354941988944693
1.1503711416206908
1.165392286097434
1.1805585611564506
1.195870898611294
1.2113302332573228
1.226937502871697
1.2426936482133815
1.2585996130231434
1.2746563440235545
1.290864790918988
1.3072259063956235
1.3237406461214405
1.3404099687462252
1.3572348359015634
1.3742162122008479
1.3913550652392725
1.408652365593837
1.4261090868233401
1.4437262054683893
1.4615047010513902
1.4794455560765567
1.4975497560299018
1.5158182893792451
1.5342521475742072
1.552852325046215
1.571619819208494
1.5905556304560784
1.609660762165802
1.6289362206963045
1.6483830153880263
1.6680021585632137
1.687794665525915
1.707761554561983
1.7279038469390715
1.7482225669066407
1.7687187416959516
1.7893934015200712
1.8102475795738666
1.8312823120340114
1.8524986380589803
1.8738975997890532
1.895480242346312
1.9172476138346424
1.9392007653397327
1.9613407509290774
1.9836686276519702
2.006185455539513
2.0288922976046053
2.0517902198419553
2.074880291228071
2.0981635837212664
2.1216411722616564
2.145314134771162
2.1691835521535037
2.1932505082942106
2.2175160900606095
2.2419813873018355
2.266647492848824
2.2915155025143146
2.31658651509285
2.3418616323607795
2.367341959076249
2.393028602979214
2.41892267479143
2.445025288216458
2.4713375599396605
2.4978606096282054
2.5245955599310608
2.5515435364790027
2.578705667884605
2.606083085742251
2.633676924628121
2.6614883221002055
2.689518418698291
2.717768357943975
2.746239286340651
2.774932353373522
2.8038487115095907
2.832989516197665
2.8623559258683544
2.891949101934075
2.9217702087890407
2.951820413809275
2.9821008873526003
3.0126128027586456
3.04335733634884
3.0743356674264195
3.105548978276419
3.136998454165683
