Taxes(0.7305, 0.19219, 0.85, 0.030090339941375072, 0.352)
400
-0.012015221401137739
-0.012015221275745456
-0.012015219394861212
-0.012015211244362825
-0.012015189300713316
-0.012015143030960924
-0.012015058892739097
-0.012014920334266491
-0.01201470779434697
-0.012014398702369615
-0.012013967478308712
-0.012013385532723762
-0.01201262126675947
-0.012011640072145755
-0.012010404331197749
-0.012008873416815792
-0.012007003692485429
-0.012004748512277426
-0.012002058220847748
-0.011998880153437579
-0.01199515863587331
-0.011990834984566543
-0.011985847506514088
-0.01198013149929797
-0.01197361925108542
-0.01196624004062888
-0.011957920137266004
-0.011948582800919656
-0.01193814828209791
-0.011926533821894049
-0.011913653651986569
-0.011899418994639173
-0.011883738062700778
-0.011866516059605509
-0.011847655179372703
-0.011827054606606905
-0.01180461051649787
-0.01178021607482057
-0.011753761437935177
-0.011725133752787081
-0.011694217156906878
-0.011660892778410379
-0.011625038735998601
-0.011586530138957774
-0.011545239087159336
-0.011501034671059937
-0.011453782971701435
-0.011403347060710906
-0.011349587000300625
-0.011292359843268087
-0.01123151963299599
-0.011166917403452244
-0.011098401179189976
-0.011025815975347518
-0.010949003797648408
-0.010867803642401402
-0.010782051496500463
-0.010691580337424766
-0.01059622013323869
-0.010495797842591836
-0.010390137414719005
-0.010279059789440211
-0.010162382897160682
-0.010039921658870852
-0.009911487986146368
-0.009776890781148085
-0.00963593593662207
-0.009488426335899601
-0.009334161852897163
-0.009172939352116457
-0.009004552688644389
-0.008828792708153078
-0.008645447246899852
-0.00845430113172725
-0.008255136180063022
-0.008047731199920126
-0.007831861989896733
-0.007607301339176225
-0.007373819027527192
-0.007131181825303432
-0.006879153493443961
-0.006617494783472996
-0.006345963437499974
-0.006064314188219533
-0.005772298758911528
-0.005469665863441021
-0.005156161206258287
-0.004831527482398808
-0.004495504377483277
-0.004147828567717603
-0.003788233719892896
-0.0034164504913854823
-0.003032206530156898
-0.0026352264747538877
-0.002225231954308409
-0.0018019415885376267
-0.0013650709877439204
-0.0009143327528148727
-0.0004494364752232842
2.991126297283793e-5
0.0005240068891302742
0.0010331498400206023
0.0015576425618301754
0.0020977905101601494
0.0026539021500264614
0.0032262889558598456
0.003815265411505822
0.004421149010224696
0.00504426025469157
0.005684922656996333
0.0063434627386436595
0.007020210030553024
0.0077154970730586815
0.008429659415909679
0.009163035618269854
0.009915967248717832
0.010688798885247035
0.011481878115265663
0.012295555535596709
0.01313018475247797
0.013986122381562011
0.01486372804791621
0.015763364386022705
0.01668539703977845
0.01763019466249518
0.018598128916899406
0.019589574475132456
0.020604909018750426
0.021644513238724208
0.022708770835439488
0.023798068518696733
0.024912796007711215
0.026053346031112968
0.02722011432694685
0.02841349964267248
0.029633903735164283
0.030881731370711468
0.03215739032501804
0.03346129138320278
0.03479384833979926
0.03615547799875587
0.037546600173435744
0.03896763768661684
0.04041901637049191
0.04190116506666847
0.04341451562616883
0.0449595029094301
0.046536564786304184
0.04814614213605776
0.04978867884737231
0.05146462181834408
0.053174420956484156
0.05491852917871836
0.05669740241138732
0.058511499590246485
0.06036128266046605
0.06224721657663103
0.06416976930274121
0.06612941181221117
0.0681266180878703
0.07016186512196271
0.07223563291614742
0.07434840448149814
0.07650066583850339
0.07869290601706651
0.08092561705650561
0.08319929400555356
0.08551443492235808
0.08787154087448165
0.09027111593890151
0.09271366720200976
0.0951997047596132
0.09772974171693351
0.10030429418860709
0.10292388129868517
0.10558902518063375
0.10830025097733366
0.1110580868410804
0.11386306393358445
0.11671571642597094
0.11961658149877975
0.12256619934196575
0.12556511315489838
0.128613869146362
0.13171301653455572
0.13486310754709346
0.13806469742100388
0.1413183444027305
0.14462460974813154
0.1479840577224801
0.15139725560046408
0.15486477366618598
0.15838718521316336
0.1619650665443284
0.16559899697202812
0.1692895588180243
0.17303733741349353
0.1768429210990272
0.1807069012246315
0.18462987214972731
0.18861243124315047
0.19265517888315162
0.19675871845739573
0.20092365636296328
0.2051506020063489
0.20944016780346258
0.21379296917962848
0.2182096245695862
0.22269075541748948
0.22723698617690757
0.23184894431082362
0.2365272602916366
0.24127256760115925
0.24608550273062
0.2509667051806612
0.255916817461341
0.2609364850921312
0.2660263566019195
0.27118708352900744
0.27641932042111206
0.2817237248353646
0.28710095733831187
0.2925516815059145
0.2980765639235488
0.303676274186005
0.3093514848974891
0.31510287167162093
0.3209311131314361
0.3268368909093838
0.3328208896473292
0.3388837969965514
0.345026303617745
0.35124910318101865
0.3575528923658965
0.3639383708613167
0.3704062413656331
0.37695720958661344
0.3835919842414413
0.3903112770567136
0.39711580276844377
0.4040062791220583
0.41098342687240014
0.41804796978372544
0.4252006346297066
0.4324421511934294
0.4397732522673958
0.4471946736535213
0.4547071541631373
0.4623114356169889
0.4700082628452371
0.4777983836874566
0.4856825489926379
0.49366151261918534
0.5017360314349191
0.509906865317073
0.5181747771522965
0.5265405328366535
0.535004901275623
0.543568654384098
0.5522325670863875
0.5609974173162139
0.5698639860167158
0.5788330571404455
0.587905417649371
0.5970818575148735
0.6063631697177515
0.6157501502482158
0.6252435981058936
0.6348443152998258
0.6445531068484694
0.6543707807796946
0.6642981481307881
0.6743360229484496
0.6844852222887954
0.6947465662173548
0.7051208778090734
0.7156089831483106
0.7262117113288412
0.7369298944538543
0.7477643676359546
0.75871596899716
0.7697855396689053
0.780973923792038
0.7922819685168225
0.8037105240029355
0.8152604434194716
0.8269325829449367
0.8387278017672548
0.8506469620837617
0.8626909291012107
0.8748605710357674
0.8871567591130146
0.8995803675679477
0.9121322736449788
0.924813357597933
0.9376245026900522
0.9505665951939902
0.9636405243918194
0.976847182575023
0.9901874650445025
1.0036622701105713
1.0172724990929602
1.0310190563208126
1.0449028491326882
1.0589247878765597
1.0730857859098175
1.0873867595992632
1.101828628321117
1.1164123144610099
1.1311387434139915
1.1460088435845228
1.161023546386483
1.1761837862431626
1.1914905005872698
1.2069446298609254
1.222547117515667
1.2382989100124449
1.2542009568216261
1.2702542104229908
1.2864596263057355
1.3028181629684694
1.3193307819192197
1.3359984476754247
1.3528221277639412
1.3698027927210366
1.3869414160923967
1.4042389744331203
1.4216964473077227
1.4393148172901302
1.4570950699636893
1.4750381939211556
1.4931451807647047
1.511417025105923
1.5298547245658143
1.5484592797747951
1.5672316943726996
1.5861729750087723
1.6052841313416775
1.62456617603949
1.6440201247797035
1.6636469962492222
1.6834478121443681
1.7034235971708773
1.7235753790439008
1.7439041884880022
1.7644110592371638
1.7850970280347795
1.8059631346336602
1.827010421796029
1.8482399352935266
1.8696527239072063
1.891249839427538
1.9130323366544049
1.9350012733971056
1.9571577104743527
1.9795027117142763
2.002037343954417
2.0247626770417355
2.047679783832601
2.070789740192803
2.094093624997542
2.117592520131437
2.1412875104885183
2.165179683972233
2.18927013149544
2.2135599469804195
2.2380502273588583
2.2627420725718648
2.287636585569958
2.312734872313074
2.3380380417705613
2.3635472059211873
2.3892634797531285
2.4151879812639816
2.441321831460754
2.4676661543598715
2.4942220769871706
2.5209907293779072
2.547973244576748
2.5751707586377774
2.602584410624491
2.6302153426098043
2.658064699676042
2.6861336299149494
2.71442328442768
2.7429348173248096
2.771669385726321
2.8006281497616183
2.8298122725695163
2.859222920298247
2.888861262105455
2.918728470158203
2.948825719632963
2.9791541887156283
3.0097150586015013
3.040509513495305
3.07153874061117
3.1028039301726493
3.1343062754127033
3.166046972573715
