Taxes(0.7305, 0.15, 0.5366482821685316, 0.4514950845940635, 0.352)
400
-0.01297753875999081
-0.012977538624555668
-0.012977536593028544
-0.012977527789744344
-0.012977504088594567
-0.012977454113027321
-0.012977363236047323
-0.012977213580215878
-0.0129769840176509
-0.012976650170026905
-0.012976184408575014
-0.012975555854082945
-0.012974730376895017
-0.012973670596912155
-0.012972335883591887
-0.012970682355948343
-0.012968662882552249
-0.012966227081530942
-0.01296332132056835
-0.012959888716905016
-0.012955869137338075
-0.01295119919822127
-0.012945812265464941
-0.012939638454536034
-0.0129326046304581
-0.01292463440781128
-0.012915648150732333
-0.012905562972914609
-0.012894292737608063
-0.012881748057619253
-0.012867836295311338
-0.012852461562604082
-0.012835524720973844
-0.012816923381453595
-0.012796551904632901
-0.01277430140065793
-0.012750059729231458
-0.012723711499612855
-0.012695138070618102
-0.012664217550619772
-0.012630824797547048
-0.012594831418885713
-0.012556105771678152
-0.012514512962523351
-0.012469914847576898
-0.012422170032550986
-0.012371133872714404
-0.012316658472892553
-0.012258592687467424
-0.012196782120377623
-0.012131069125118344
-0.012061292804741395
-0.01198728901185518
-0.011908890348624709
-0.011825926166771588
-0.01173822256757403
-0.011645602401866854
-0.01154788527004147
-0.011444887522045893
-0.011336422257384753
-0.011222299325119265
-0.011102325323867254
-0.01097630360180315
-0.010844034256657979
-0.01070531413571937
-0.01055993683583156
-0.01040769270339538
-0.010248368834368268
-0.010081749074264264
-0.009907614018154008
-0.009725741010664745
-0.009535904145980316
-0.009337874267841172
-0.009131418969544364
-0.008916302593943538
-0.008692286233448952
-0.008459127730027457
-0.008216581675202516
-0.007964399410054189
-0.007702329025219132
-0.007430115360890616
-0.007147500006818503
-0.0068542213023092624
-0.006550014336225963
-0.006234610946988279
-0.005907739722572485
-0.005569126000511457
-0.005218491867894674
-0.004855556161368214
-0.0044800344671347666
-0.00409163912095361
-0.003690079208140634
-0.0032750605635683268
-0.0028462857716657795
-0.002403454166418687
-0.0019462618313693433
-0.0014744015996166482
-0.0009875630538160969
-0.00048543252617979434
3.2306901523556225e-5
0.0005659753979686474
0.0011158963822735777
0.0016823965239998286
0.0022658057431522933
0.002866457210179254
0.003484687345972398
0.004120835821866808
0.004775245559640959
0.00544826273151673
0.0061402367601593975
0.006851520318677631
0.007582469330623509
0.008333442969992496
0.00910480366122346
0.009896917079198663
0.010710152149243769
0.011544881047127845
0.01240147919906334
0.013280325281706112
0.014181801222155423
0.015106292197953917
0.01605418663708766
0.017025876217986076
0.018021755869522028
0.01904222377101176
0.0200876813522149
0.0211585332933345
0.022255187525016998
0.02337805522835222
0.024527550834873412
0.025704092026557195
0.026908099735823608
0.02813999814553607
0.029400214689001416
0.03068918004996985
0.03200732816263502
0.03335509621163392
0.03473292463204699
0.03614125710939802
0.03758054057965423
0.039051225229226244
0.040553764494968066
0.042088615064177076
0.04365623687459412
0.04525709311440339
0.04689165022223247
0.04856037788715234
0.050263749048677454
0.052002239896765556
0.05377632987181786
0.05558650166467894
0.057433241216636816
0.05931703771942284
0.06123838361521179
0.06319777459662188
0.06519570960671467
0.06723269083899513
0.06930922373741166
0.07142581699635601
0.07358298256066338
0.07578123562561229
0.07802109463692475
0.08030308129076612
0.08262772053374512
0.08499554056291396
0.08740707282576819
0.08986285202024674
0.09236341609473199
0.09490930624804969
0.09750106692946896
0.10013924583870239
0.10282439392590591
0.10555706539167883
0.10833781768706395
0.11116721151354737
0.11404581082305863
0.11697418281797071
0.11995289795109985
0.12298252992570588
0.1260636556954919
0.12919685546460438
0.13238271268763332
0.13562181406961202
0.13891474956601718
0.14226211238276892
0.14566449897623077
0.14912250905320967
0.1526367455709559
0.15620781473716316
0.15983632600996855
0.16352289209795265
0.1672681289601393
0.1710726558059958
0.17493709509543284
0.1788620725388046
0.1828482170969085
0.18689616098098544
0.19100653965271971
0.19517999182423906
0.19941715945811445
0.20371868776736052
0.20808522521543518
0.2125174235162394
0.2170159376341182
0.22158142578385942
0.2262145494306948
0.23091597329029884
0.23568636532879023
0.24052639676273022
0.24543674205912436
0.2504180789354205
0.25547108835951116
0.26059645454973107
0.26579486497485927
0.2710670103541175
0.27641358465717153
0.2818352851041298
0.28733281216554507
0.2929068695624125
0.29855816426617154
0.3042874064987042
0.3100953097323369
0.3159825906898383
0.32194996934442155
0.3279981689197421
0.33412791588989993
0.3403399399794375
0.34663497416334144
0.35301375466704077
0.35947702096640916
0.36602551578776243
0.3726599851078611
0.3793811781539077
0.38618984740354934
0.3930867485848756
0.4000726406764204
0.40714828590715996
0.4143144497565152
0.42157190095434893
0.428921411480969
0.43636375656712484
0.44389971469401135
0.4515300675932647
0.45925560024696627
0.4670771008876394
0.47499536099825207
0.4830111753122146
0.4911253418133817
0.4993386617360503
0.5076519395649619
0.5160659830353005
0.5245816031326944
0.5331996140932141
0.5419208334033749
0.5507460818001342
0.5596761832708936
0.5687119650534977
0.5778542576362351
0.5871038947578368
0.5964617134074783
0.6059285538247773
0.6155052594997964
0.62519267717304
0.6349916568354572
0.6449030517284392
0.6549277183438226
0.6650665164238848
0.675320308961349
0.6856899621993798
0.6961763456315871
0.7067803320020224
0.7175027973051823
0.7283446207860049
0.7393066849398738
0.7503898755126139
0.7615950815004954
0.7729231951502304
0.7843751119589756
0.7959517306743299
0.807653953294337
0.8194826850674821
0.8314388344926962
0.8435233133193512
0.8557370365472647
0.8680809224266954
0.8805558924583482
0.8931628713933681
0.9059027872333469
0.9187765712303163
0.931785157886755
0.9449294849555816
0.9582104934401612
0.9716291275942996
0.9851863349222488
0.9988830661787014
1.0127202753687958
1.0266989197481111
1.0408199598226733
1.0550843593489478
1.0694930853338476
1.0840471080347251
1.0987474009593798
1.1135949408660513
1.1285907077634247
1.1437356849106275
1.1590308588172318
1.1744772192432509
1.1900757591991442
1.2058274749458122
1.2217333659946008
1.237794435107297
1.2540116882961334
1.2703861348237844
1.2869187872033694
1.3036106611984488
1.3204627758230294
1.3374761533415584
1.3546518192689294
1.3719908023704763
1.3894941346619791
1.4071628514096588
1.4249979911301827
1.4430005955906582
1.4611717098086394
1.47951238205212
1.498023663839541
1.5167066099397841
1.5355622783721765
1.5545917304064856
1.5737960305629264
1.593176246612153
1.6127334495752672
1.6324687137238099
1.6523831165797693
1.6724777389155738
1.6927536647540984
1.713211981368657
1.733853779283012
1.7546801522713653
1.7756921973583655
1.7968910148191004
1.8182777081791053
1.8398533842143565
1.8616191529512753
1.8835761276667238
1.9057254248880104
1.9280681643928852
1.9506054692095434
1.9733384656166202
1.9962682831431982
2.0193960545688006
2.0427229159233957
2.066250006487394
2.0899784687916494
2.11390944861746
2.1380440949965682
2.1623835602111563
2.186928999793855
2.211681572527733
2.2366424404463063
2.2618127688335323
2.2871937262238142
2.312786484401996
2.338592218403366
2.364612106513654
2.3908473302690396
2.417299074456137
2.443968527112011
2.470856879524165
2.4979653262305495
2.5252950650195545
2.5528472969300187
2.580623226251217
2.608624060522875
2.6368510105351564
2.6653052903286722
2.6939881171944724
2.722900711674056
2.752044297559359
2.781420101892768
2.8110293549671046
2.8408732903256424
2.870953144762091
2.9012701583206097
2.931825574295795
2.9626206392326933
2.993656602926788
3.024934718424012
3.0564562420207357
3.088222433263778
3.120234554950398
3.1524938731283005
3.185001657095629
3.217759179400978
3.2507677158433776
3.2840285454723084
3.3175429505876872
3.351312216739881
3.385337632729694
3.4196204906083802
