Taxes(0.7305, 0.16094, 0.85, 0.05709936801732352, 0.352)
400
-0.011570360203888234
-0.011570360083138576
-0.0115703582718937
-0.011570350423165903
-0.01157032929197568
-0.011570284735351724
-0.011570203712330928
-0.011570070283958381
-0.011569865613287366
-0.011569567965379371
-0.01156915270730408
-0.011568592308139376
-0.011567856338971335
-0.011566911472894233
-0.01156572148501055
-0.01156424725243096
-0.011562446754274328
-0.011560275071667729
-0.011557684387746427
-0.011554623987653891
-0.011551040258541782
-0.011546876689569963
-0.011542073871906495
-0.011536569498727632
-0.011530298365217833
-0.01152319236856975
-0.011515180507984234
-0.011506188884670338
-0.011496140701845306
-0.011484956264734588
-0.011472552980571822
-0.011458845358598858
-0.011443745010065728
-0.011427160648230674
-0.011408998088360135
-0.01138916024772874
-0.011367547145619323
-0.011344055903322913
-0.011318580744138742
-0.011291012993374231
-0.011261241078345006
-0.011229150528374891
-0.011194623974795906
-0.01115754115094827
-0.011117778892180394
-0.0110752111358489
-0.011029708921318594
-0.01098114038996249
-0.010929370785161796
-0.010874262452305921
-0.010815674838792463
-0.01075346449402723
-0.010687485069424222
-0.010617587318405636
-0.010543619096401868
-0.010465425360851514
-0.010382848171201369
-0.010295726688906423
-0.01020389717742986
-0.010107193002243074
-0.010005444630825644
-0.009898479632665354
-0.00978612267925819
-0.009668195544108324
-0.009544517102728136
-0.009414903332638202
-0.009279167313367295
-0.009137119226452384
-0.00898856635543864
-0.008833313085879431
-0.00867116090533632
-0.00850190840337907
-0.008325351271585645
-0.008141282303542203
-0.0079494913948431
-0.007749765543090894
-0.007541888847896334
-0.0073256425108783755
-0.0071008048356641686
-0.006867151227889056
-0.006624454195196588
-0.006372483347238506
-0.006111005395674753
-0.005839784154173465
-0.005558580538410984
-0.005267152566071844
-0.004965255356848778
-0.004652641132442718
-0.004329059216562794
-0.003994256034926337
-0.003647975115258867
-0.003289957087294111
-0.0029199396827739913
-0.002537657735448626
-0.0021428431810763355
-0.0017352250574236335
-0.0013145295042652373
-0.0008804797633840543
-0.00043279617857119797
2.880380437402414e-5
0.0005046056376441045
0.0009948976714233447
0.0014999711538878347
0.0020201202312054786
0.0025556419475359763
0.0031068362450308333
0.0036740059638333566
0.00425745684207865
0.0048574975158936235
0.005474439519396992
0.006108597284699263
0.006760288141902759
0.007429832319101595
0.008117552942381688
0.008823776035820761
0.009548830521488336
0.010293048219445745
0.011056763847746105
0.011840315022434348
0.012644042257547212
0.013468288965113222
0.014313401455152724
0.01517972893567784
0.01606762351269252
0.016977440190192504
0.01790953687016533
0.018864274352590346
0.0198420163354387
0.02084312941467334
0.021867983084249015
0.022916949736112278
0.02399040466020149
0.0250887260444468
0.026212294974770175
0.027361495435085363
0.02853671430729794
0.029738341371305266
0.03096676930499651
0.03222239368425263
0.0335056129829464
0.0348168285729424
0.03615644472409701
0.037524868604258375
0.03892251027926651
0.04034978271295319
0.04180710176714199
0.043294886201648265
0.04481355767427926
0.046363540740833924
0.047945262855103046
0.049559154368869235
0.051205648531906886
0.052885181491982174
0.05459819229485311
0.056345122884269495
0.058126418101972936
0.059942525687696833
0.06179389627916639
0.06368098341209862
0.06560424352020232
0.0675641359351781
0.0695611228867184
0.07159566950250743
0.07366824380822116
0.07577931672752748
0.07792936208208599
0.08011885659154808
0.082348279873557
0.08461811444374778
0.08692884571574724
0.08928096200117402
0.09167495450963857
0.09411131734874308
0.09659054752408162
0.09911314493924002
0.10167961239579593
0.10429045559331881
0.10694618312936983
0.10964730649950213
0.11239434009726054
0.11518780121418164
0.11802821003979398
0.12091608966161774
0.12385196606516502
0.12683636813393967
0.12986982764943733
0.1329528792911455
0.13608606063654344
0.13926991216110216
0.14250497723828456
0.14579180213954537
0.149130936034331
0.1525229309900797
0.15596834197222165
0.15946772684417865
0.16302164636736438
0.16663066420118436
0.1702953469030358
0.1740162639283079
0.17779398763038146
0.1816290932606292
0.18552215896841573
0.18947376580109704
0.1934844977040215
0.19755494152052888
0.20168568699195105
0.20587732675761117
0.21013045635482497
0.21444567421889915
0.21882358168313304
0.22326478297881686
0.22776988523523362
0.2323394984796572
0.23697423563735412
0.2416747125315819
0.24644154788359066
0.2512753633126215
0.25617678333590815
0.2611464353686754
0.2661849497241405
0.27129295961351174
0.27647110114599016
0.28172001332876767
0.28704033806702883
0.29243272016394906
0.29789780732069654
0.30343625013643055
0.3090487021083027
0.3147358196314557
0.320498261999025
0.3263366914021369
0.3322517729299104
0.33824417456945544
0.34431456720587456
0.3504636246222612
0.3566920234997017
0.3630004434172731
0.3693895668520453
0.3758600791790789
0.3824126686714275
0.38904802650013504
0.39576684673423906
0.4025698263407671
0.40945766518473997
0.41643106602916896
0.4234907345350586
0.43063737926140383
0.4378717116651926
0.44519444610140363
0.4526062998230082
0.46010799298096877
0.4677002486242405
0.47538379269976905
0.4831593540524934
0.49102766442534274
0.4989894584592396
0.5070454736930969
0.5151964505638208
0.5234431324063078
0.5317862654534475
0.54022659883612
0.5487648845831987
0.5574018776215474
0.5661383357760229
0.5749750197694723
0.5839126932227365
0.5929521226546464
0.6020940774820258
0.6113393300196893
0.620688655480445
0.6301428319750906
0.6397026405124177
0.6493688649992078
0.659142292240236
0.6690237119382677
0.6790139166940611
0.6891137020063656
0.699323866271923
0.7096452107854659
0.7200785397397204
0.730624660225402
0.7412843822312205
0.7520585186438756
0.7629478852480602
0.7739533007264575
0.7850755866597446
0.7963155675265877
0.8076740707036478
0.8191519264655746
0.8307499679850125
0.8424690313325953
0.8543099554769505
0.8662735822846959
0.8783607565204425
0.8905723258467917
0.9029091408243382
0.9153720549116663
0.9279619244653551
0.9406796087399723
0.9535259698880805
0.9665018729602313
0.9796081859049705
0.9928457795688337
1.0062155276963498
1.0197183069300384
1.0333549968104119
1.0471264797759732
1.061033641163219
1.0750773692066355
1.0892585550387028
1.1035780926898906
1.1180368790886628
1.132635814061473
1.1473758003327683
1.1622577435249857
1.1772825521585566
1.1924511376519014
1.2077644143214346
1.2232232993815606
1.2388287129446776
1.254581578021173
1.2704828205194296
1.2865333692458178
1.3027341559047043
1.3190861150984425
1.335590184327382
1.3522473039898624
1.3690584173822156
1.3860244706987634
1.403146413031823
1.4204251963716992
1.4378617756066927
1.4554571085230927
1.4732121558051825
1.4911278810352353
1.5092052506935187
1.527445234158288
1.545848803705795
1.5644169345102792
1.5831506046439758
1.6020507950771081
1.6211184896778934
1.6403546752125404
1.6597603413452502
1.679336480638213
1.6990840885516143
1.7190041634436295
1.7390977065704267
1.759365722086164
1.779809217042994
1.8004292013910586
1.8212266879784935
1.8422026925514248
1.8633582337539707
1.884694333128241
1.9062120151143394
1.9279123070503574
1.9497962391723835
1.9718648446144922
1.9941191594087544
2.0165602224852295
2.039189075671973
2.0620067636950274
2.08501433417843
2.1082128376442073
2.1316033275123822
2.155186860100964
2.1789644946259576
2.2029372932013582
2.2271063208391535
2.251472645449321
2.2760373378398335
2.300801471716652
2.3257661236837315
2.350932373243018
2.376301302794451
2.401873997635958
2.4276515459634624
2.453635038870877
2.4798255703501075
2.5062242372910495
2.5328321394815942
2.5596503796076195
2.586680063253001
2.6139222988995994
2.641378197927274
2.66904887461387
2.6969354461352295
2.725039032565182
2.7533607568755523
2.7819017449361536
2.8106631255147954
2.8396460302772732
2.8688515937873804
2.8982809535068967
2.927935249795599
2.95781562591125
2.9879232280096106
3.018259205144427
3.0488247092674436
