Taxes(0.7305, 0.18281, 0.85, 0.03845136723684397, 0.352)
400
-0.01188253055093008
-0.011882530426922572
-0.011882528566809993
-0.011882520506322145
-0.011882498805008704
-0.011882453046239222
-0.011882369837203118
-0.011882232808909684
-0.011882022616188077
-0.011881716937687336
-0.011881290475876364
-0.011880714957043936
-0.011879959131298697
-0.011878988772569161
-0.011877766678603725
-0.011876252670970644
-0.01187440359505805
-0.011872173320073943
-0.011869512739046194
-0.011866369768822552
-0.011862689350070631
-0.011858413447277914
-0.011853481048751762
-0.011847828166619398
-0.011841387836827928
-0.011834090119144318
-0.01182586209715541
-0.011816627878267918
-0.011806308593708422
-0.011794822398523384
-0.011782084471579123
-0.01176800701556184
-0.011752499256977599
-0.011735467446152344
-0.011716814857231882
-0.011696441788181895
-0.011674245560787937
-0.011650120520655428
-0.011623958037209664
-0.011595646503695814
-0.011565071337178908
-0.011532114978543858
-0.011496656892495445
-0.011458573567558316
-0.01141773851607699
-0.011374022274215865
-0.011327292401959194
-0.011277413483111122
-0.01122424712529565
-0.011167651959956656
-0.011107483642357885
-0.011043594851582957
-0.01097583529053536
-0.010904051685938458
-0.01082808778833548
-0.01074778437208953
-0.010662979235383582
-0.01057350720022048
-0.010479200112422942
-0.010379886841633556
-0.010275393281314778
-0.010165542348748936
-0.010050153985038236
-0.009929045155104744
-0.009802029847690406
-0.009668919075357035
-0.009529520874486315
-0.009383640305279804
-0.009231079451758925
-0.00907163742176498
-0.008905110346959138
-0.008731291382822436
-0.008549970708655787
-0.008360935527579976
-0.008163970066535653
-0.007958855576283345
-0.007745370331403445
-0.007523289630296222
-0.007292385795181815
-0.007052428172100228
-0.006803183130911346
-0.006544414065294916
-0.006275881392750565
-0.005997342554597781
-0.005708552015975932
-0.005409261265844253
-0.005099218816981849
-0.004778170205987699
-0.00444585799328065
-0.004102021763099425
-0.003746398123502611
-0.003378720706368671
-0.0029987201673959385
-0.0026061241861026177
-0.002200657465826784
-0.0017820417337263822
-0.001349995740779233
-0.0009042352617830198
-0.00044447309535530576
2.958093606647939e-5
0.0005182199862250325
0.0010217401850431867
0.0015404406386238904
0.0020746234292502333
0.002624593615385427
0.0031906592316728166
0.003773131288935875
0.0043723237741782
0.004988553650583522
0.0056221408575157
0.0062734083105187195
0.006942681901316703
0.0076302904978138904
0.008336565944094657
0.009061843060423506
0.00980645964324507
0.010570756465184112
0.011355077275045517
0.012159768797814306
0.012985180734655629
0.013831665762914759
0.014699579536117112
0.015589280683968205
0.016501130812353715
0.017435494503339432
0.01839273931517127
0.01937323578227529
0.020377357415257664
0.021405480700904696
0.022457985102182835
0.023535253058238635
0.024637669984398803
0.02576562427217015
0.026919507289239645
0.028099713379474346
0.029306639862921483
0.030540687035808388
0.03180225817054254
0.033091759515711514
0.03440960029608305
0.035756192712605
0.03713195194240536
0.03853729613879221
0.03997264643125383
0.041438426925458585
0.042935064703254956
0.044462989822671564
0.046022635317917206
0.04761443719938074
0.04923883445363118
0.05089626904341767
0.05258718590766951
0.05431203296149607
0.05607126109618689
0.05786532417921163
0.05969467905422009
0.061559785541042175
0.06346110643568793
0.06539910751034754
0.06737425751339132
0.06938702816936966
0.07143789417901317
0.07352733321923254
0.07565582594311852
0.07782385597994215
0.08003190993515448
0.0822804773903867
0.08457005090345013
0.08690112600833627
0.0892742012152167
0.09168977801044315
0.09414836085654746
0.0966504571922416
0.09919657743241772
0.10178723496814801
0.10442294616668485
0.1071042303714608
0.10983160990208836
0.1126056100543604
0.11542675910024977
0.11829558828790943
0.12121263184167258
0.12417842696205246
0.12719351382574248
0.13025843558561617
0.1333737383707272
0.13653997128630932
0.13975768641377648
0.14302743881072266
0.1463497865109221
0.1497252905243291
0.153154514837078
0.15663802641148347
0.16017639518604015
0.16377019407542287
0.16741999897048654
0.1711263887382663
0.17488994522197726
0.17871125324101486
0.18259090059095445
0.18652947804355172
0.19052757934674244
0.19458580122464217
0.19870474337754723
0.20288500848193344
0.20712720219045735
0.21143193313195494
0.21579981291144307
0.22023145611011802
0.22472748028535697
0.22928850597071626
0.23391515667593346
0.2386080588869252
0.24336784206578918
0.2481951386508024
0.25309058405642276
0.25805481667328756
0.2630884778682149
0.2681922119842024
0.2733666663404284
0.27861249123225074
0.28393033993120803
0.28932086868501844
0.2947847367175808
0.30032260622897344
0.30593514239545555
0.31162301336946574
0.3173868902796234
0.3232274472307273
0.32914536130375727
0.3351413125558723
0.3412159840204125
0.347370061706897
0.3536042346010262
0.3599191946646795
0.36631563683591756
0.37279425902898006
0.37935576213428807
0.38600085001844125
0.39273022952422104
0.3995446104705873
0.4064447056526819
0.413431230841825
0.4205049047855183
0.4276664492074425
0.4349165888074596
0.4422560512616106
0.4496855672221177
0.4572058703173821
0.4648176971519862
0.47252178730669153
0.4803188833384408
0.4882097307803558
0.49619507814173947
0.5042756769080738
0.512452281541022
0.5207256494784264
0.5290965411343104
0.5375657198988766
0.5461339521385087
0.5548020071957693
0.5635706573894029
0.5724406780143321
0.5814128473416613
0.5904879466186735
0.5996667600688339
0.6089500748917854
0.6183386812633532
0.6278333723355407
0.6374349442365335
0.647144196070695
0.6569619299185709
0.6668889508368854
0.6769260668585444
0.6870740889926318
0.6973338312244138
0.7077061105153354
0.7181917468030224
0.72879156300128
0.7395063850000946
0.7503370416656312
0.761284364840237
0.7723491893424369
0.7835323529669384
0.7948346964846266
0.8062570636425695
0.8178003011640125
0.8294652587483837
0.8412527890712885
0.8531637477845154
0.8651989935160305
0.8773593878699819
0.8896457954266963
0.9020590837426823
0.9146001233506266
0.927269787759398
0.9400689534540431
0.9529984998957916
0.9660593095220501
0.9792522677464085
0.992578262958634
1.0060381865246764
1.0196329327866633
1.0333633990629048
1.0472304856478882
1.0612350958122845
1.0753781358029413
1.0896605148428895
1.1040831451313373
1.1186469418436755
1.1333528231314727
1.1482017101224797
1.163194526920626
1.1783322006060224
1.1936156612349582
1.2090458418399048
1.224623678429512
1.2403501099886112
1.2562260784782122
1.272252528835507
1.2884304089738658
1.3047606697828407
1.321244265128162
1.3378821518517425
1.3546752897716718
1.371624641682223
1.3887311733538479
1.4059958535331787
1.4234196539430257
1.4410035492823838
1.4587485172264227
1.4766555384264972
1.494725596510138
1.5129596780810595
1.531358772719153
1.5499238729804936
1.5686559743973314
1.5875560754781024
1.6066251777074183
1.6258642855460739
1.6452744064310416
1.6648565507754758
1.6846117319687104
1.70454096637626
1.724645273339817
1.7449256751772573
1.7653831971826346
1.7860188676261841
1.8068337177543194
1.8278287817896364
1.849005096930909
1.8703637033530935
1.891905644207324
1.9136319656209164
1.9355437166973652
1.9576419495163477
1.9799277191337175
2.002402083581513
2.0250661038679474
2.047920843977419
2.070967370870502
2.0942067544839547
2.117640067730713
2.141268386499893
2.16509278965679
2.189114359042885
2.2133341794758308
2.2377533387494672
2.2623729276338103
2.287194039875058
2.312217772195586
2.337445224293955
2.3628774988449
2.3885157014993412
2.4143609408843747
2.44041432860328
2.4666769792355137
2.4931500103367163
2.5198345424387045
2.546731699049479
2.573842606653216
2.6011683947102777
2.6287101956571997
2.656469144906704
2.6844463808476866
2.7126430448452314
2.741060281240594
2.7696992373512166
2.7985610634707174
2.8276469128688975
2.856957941791736
2.886495309461395
2.9162601780762123
2.9462537128107105
2.9764770818155877
3.006931456217728
3.0376180101201893
3.0685379206022145
3.0996923677192227
3.131082534502818
