Taxes(0.7305, 0.2125, 0.85, 0.011194897261472535, 0.352)
400
-0.012287775177120194
-0.012287775048883507
-0.012287773125333207
-0.01228776478994858
-0.012287742348528426
-0.012287695029191067
-0.01228760898237436
-0.012287467280835667
-0.012287249919651879
-0.012286933816219408
-0.012286492810254188
-0.012285897663791677
-0.012285116061186846
-0.012284112609114195
-0.012282848836567746
-0.012281283194861041
-0.01227937105762714
-0.012277064720818631
-0.012274313402707614
-0.012271063243885723
-0.012267257307264105
-0.01226283557807343
-0.012257734963863894
-0.012251889294505209
-0.012245229322186609
-0.012237682721416853
-0.01222917408902422
-0.01221962494415651
-0.012208953728281043
-0.012197075805184667
-0.012183903460973745
-0.012169345904074164
-0.01215330926523133
-0.012135696597510176
-0.012116407876295155
-0.012095339999290236
-0.012072386786518915
-0.012047438980324211
-0.01202038424536866
-0.01199110716863432
-0.011959489259422773
-0.011925408949355122
-0.011888741592371993
-0.01184935946473353
-0.011807131765019399
-0.011761924614128793
-0.011713601055280418
-0.01166202105401251
-0.01160704149818282
-0.011548516197968628
-0.011486295885866724
-0.011420228216693432
-0.011350157767584588
-0.011275926037995558
-0.011197371449701224
-0.011114329346795987
-0.01102663199569378
-0.010934108585128046
-0.010836585226151755
-0.010733884952137403
-0.010625827718776997
-0.010512230404082074
-0.01039290680838369
-0.010267667654332423
-0.010136320586898371
-0.009998670173371155
-0.00985451790335992
-0.009703662188793325
-0.009545898363919558
-0.009381018685306327
-0.00920881233184086
-0.009029065404729907
-0.00884156092749974
-0.008646078845996153
-0.00844239602838446
-0.008230286265149498
-0.008009520269095625
-0.007779865675346721
-0.007541087041346189
-0.007292945846856948
-0.007035200493961447
-0.0067676063070616485
-0.006489915532879044
-0.006201877340454638
-0.005903237821148966
-0.005593739988642078
-0.00527312377893355
-0.004941126050342475
-0.004597480583507471
-0.004241918081386679
-0.0038741661692577576
-0.0034939493947178882
-0.0031009892276837752
-0.0026950040603916435
-0.0022757092073972403
-0.0018428169055758337
-0.0013960363141222155
-0.0009350735145506931
-0.0004596315106951027
3.0589771291201434e-5
0.0005358934829353415
0.001056585853444926
0.0015929761897080271
0.0021453768762932086
0.002714103375449505
0.0032994742271064354
0.003901811048873994
0.00452143853604265
0.005158684461583357
0.005813879676147544
0.0064873581080671155
0.007179456763354465
0.007890515725702452
0.008620878156484421
0.009370890294754191
0.010140901457246065
0.010931264038374824
0.011742333510235715
0.01257446842260448
0.013428030402937333
0.014303384156370962
0.01520089746572255
0.016120941191489727
0.01706388927185063
0.01803011872266387
0.01902000963746852
0.020033945187484147
0.021072311621610794
0.022135498266428976
0.023223897526199695
0.02433790488286442
0.02547791889604512
0.026644341203044212
0.027837576518844623
0.02905803263610972
0.030306120425183394
0.03158225383408998
0.03288684988853432
0.03422032869190168
0.03558311342525788
0.03697563034734916
0.038398308794602265
0.0398515811811244
0.04133588299870328
0.04285165281680708
0.044399332282584435
0.04597936612086447
0.047592202134156825
0.04923829120265157
0.05091808728421927
0.05263204741441096
0.05438063170645818
0.056164303351272926
0.05798352861744767
0.059838776851255375
0.06173052047664949
0.06365923499526391
0.06562539898641304
0.06762949410709175
0.06967200509197538
0.07175341975341977
0.07387422898146122
0.07603492674381654
0.07823601008588293
0.08047797913073822
0.08276133707914057
0.0850865902095287
0.08745424787802177
0.08986482251841946
0.09231882964220188
0.09481678783852966
0.09735921877424389
0.09994664719386612
0.10257960091959843
0.10525861085132332
0.1079842109666038
0.11075693832068338
0.11357733304648596
0.11644593835461604
0.11936330053335856
0.1223299689486788
0.12534649604422277
0.12841343734131672
0.13153135143896755
0.1347008000138625
0.13792234782036944
0.14119656269053663
0.14452401553409278
0.14790528033844708
0.15134093416868927
0.1548315571675896
0.1583777325555986
0.16198004663084747
0.16563908876914785
0.16935545142399183
0.17312973012655195
0.17696252348568128
0.18085443318791333
0.18480606399746213
0.18881802375622214
0.19289092338376837
0.19702537687735638
0.20122200131192172
0.20548141684008117
0.20980424669213135
0.21419111717604988
0.21864265767749425
0.22315950065980317
0.227742281663995
0.2323916393087695
0.23710821529050588
0.2418926543832649
0.24674560443878682
0.2516677163864932
0.2566596442334853
0.2617220450645457
0.26685557904213664
0.2720609094064015
0.2773387024751636
0.28268962764392735
0.28811435738587676
0.2936135672518774
0.2991879358704744
0.30483814494789396
0.31056487926804216
0.3163688266925064
0.32225067816055364
0.32821112768913224
0.33425087237287
0.3403706123840763
0.34657105097273994
0.3528528944665313
0.3592168522708001
0.36566363686857756
0.37219396382057435
0.37880855176518285
0.3855081224184746
0.3922934005742029
0.39916511410380023
0.406123993956381
0.4131707741587383
0.42030619181534784
0.42753098710836374
0.4348459032976222
0.4422516867206386
0.44974908679261005
0.45733885600641305
0.46502174993260553
0.47279852721942484
0.4806699495927899
0.4886367818562992
0.4966997918912326
0.5048597506565493
0.5131174321888903
0.5214736136025756
0.5299290750896073
0.5384845999196666
0.5471409744401161
0.555898988075998
0.5647594333300363
0.5737231057826336
0.5827908040918752
0.5919633299935249
0.6012414883010283
0.6106260869055102
0.620117936775778
0.6297178519583169
0.6394266495772948
0.6492451498345585
0.6591741760096368
0.6692145544597372
0.6793671146197497
0.6896326890022426
0.7000121131974669
0.710506225873352
0.7211158687755094
0.7318418867272298
0.7426851276294858
0.7536464424609289
0.7647266852778928
0.7759267132143894
0.7872473864821138
0.7986895683704391
0.8102541252464209
0.8219419265547933
0.8337538448179732
0.8456907556360553
0.8577535376868178
0.8699430727257161
0.8822602455858892
0.8947059441781539
0.9072810594910096
0.9199864855906345
0.932823119620889
0.9457918618033122
0.9588936154371254
0.9721292868992281
0.9854997856442033
0.9990060242043112
1.0126489181894958
1.0264293862873781
1.0403483502632633
1.0544067349601338
1.0686054682986548
1.0829454812771697
1.0974277079717052
1.1120530855359656
1.1268225542013386
1.141737057276889
1.1567975411493656
1.1720049552831948
1.1873602522204856
1.2028643875810254
1.2185183200622847
1.2343230114394115
1.250279426565237
1.266388533370271
1.2826513028627047
1.2990687091284092
1.3156417293309368
1.3323713437115192
1.3492585355890705
1.3663042913601824
1.383509600499131
1.4008754555578677
1.4184028521660292
1.43609278903093
1.4539462679375672
1.4719642937486146
1.4901478744044312
1.508498020923052
1.5270157474001969
1.545702071009262
1.5645580120013274
1.5835845937051511
1.6027828425271742
1.6221537879515142
1.641698462539974
1.6614179019320328
1.681313144844854
1.7013852330732777
1.721635211489827
1.7420641280447051
1.7626730337657956
1.783462982758661
1.804435032206547
1.8255902423703778
1.8469296765887593
1.8684544012779762
1.8901654859319958
1.9120640031224638
1.934151028498709
1.9564276407877372
1.9788949217942378
2.0015539564005786
2.02440583256681
2.0474516413306594
2.0706924768075403
2.09412943619054
2.117763619750431
2.1415961308356635
2.1656280758723723
2.189860564364367
2.2142947088931426
2.23893162511787
2.263772431775407
2.288818250680283
2.314070206724718
2.3395294278786034
2.3651970451895172
2.391074192782714
2.4171620078611333
2.443461630705389
2.4699742046737816
2.496700876202287
2.523642794804566
2.5508011130719557
2.578176986673478
2.6057715743558316
2.633586037943398
2.661621542338236
2.6898792555200903
2.7183603485463803
2.7470659955522114
2.7759973737503625
2.8051556634313015
2.834542047963169
2.8641577137917915
2.894003850440672
2.9240816505109986
2.954392309681634
2.9849370267091277
3.0157170034277034
3.0467334447492713
3.0779875586634162
3.1094805562374095
3.1412136516161975
3.173188062022411
3.2054050077563576
3.237865712196031
