Taxes(0.7305, 0.15937, 0.85, 0.058394697592861824, 0.352)
400
-0.011549012736436947
-0.011549012615910072
-0.011549010808006967
-0.011549002973760178
-0.01154898188155728
-0.011548937407140884
-0.011548856533608631
-0.011548723351413194
-0.01154851905836227
-0.011548221959618599
-0.011547807467699945
-0.011547248102479105
-0.011546513491183902
-0.011545570368397196
-0.011544382576056882
-0.011542911063455879
-0.011541113887242134
-0.011538946211418639
-0.011536360307343401
-0.011533305553729473
-0.011529728436644926
-0.011525572549512872
-0.011520778593111451
-0.01151528437557383
-0.011509024812388215
-0.011501931926397835
-0.011493934847800959
-0.01148495981415088
-0.011474930170355923
-0.01146376636867945
-0.011451385968739845
-0.011437703637510534
-0.011422631149319965
-0.01140607738585162
-0.011387948336144017
-0.011368147096590698
-0.011346573870940239
-0.011323125970296248
-0.011297697813117366
-0.011270180925217258
-0.011240463939764628
-0.01120843259728321
-0.011173969745651765
-0.01113695534010409
-0.011097266443229005
-0.011054777224970376
-0.011009358962627083
-0.010960880040853051
-0.010909205951657227
-0.010854199294403597
-0.010795719775811171
-0.010733624209953992
-0.01066776651826114
-0.010597997729516717
-0.010524165979859864
-0.010446116512784747
-0.01036369167914057
-0.010276730937131563
-0.010185070852316985
-0.010088545097611137
-0.009986984453283337
-0.009880216806957946
-0.009768067153614349
-0.009650357595586963
-0.009526907342565243
-0.009397532711593668
-0.009262047127071746
-0.009120261120754026
-0.00897198233175008
-0.008817015506524513
-0.008655162498896965
-0.008486222270042101
-0.008309990888489622
-0.008126261530124258
-0.007934824478185772
-0.007735467123268955
-0.007527973963323631
-0.007312126603654659
-0.007087703756921923
-0.0068544812431403385
-0.006612231989679859
-0.006360726031265462
-0.00609973050997716
-0.0058290096752499935
-0.0055483248838740385
-0.0052574345999944
-0.004956094395111213
-0.004644056948079645
-0.004321072045109894
-0.003986886579767193
-0.003641244552971798
-0.0032838870729990036
-0.0029145523554791335
-0.0025329757233975413
-0.002138889607094614
-0.0017320235442657664
-0.0013121041799614504
-0.0008788552665871403
-0.0004319976639033499
2.8750660974379492e-5
0.0005036746335754737
0.0009930620720743342
0.0014972036872903185
0.002016393082687764
0.002550926754375971
0.003101104091109213
0.003667227374286731
0.0042496017779527296
0.004848535368796388
0.005464339106151854
0.006097326841998238
0.006747815320959631
0.007416124180305082
0.008102575949948612
0.008807496052449213
0.00953121280301084
0.01027405740948243
0.011036363972357868
0.011818469484776025
0.012620713832520739
0.013443439794020805
0.014286993040350011
0.015151722135227077
0.016037978535015724
0.016946116588724632
0.01787649353800744
0.018829469517162772
0.019805407553134213
0.020804673565510304
0.021827636366524582
0.022874667661055528
0.023946142046626612
0.025042437013406253
0.02616393294420786
0.02731101311448978
0.02848406369235537
0.029683473738552926
0.030909635206475723
0.03216294294216199
0.033443794684294946
0.034752591064202774
0.03608973560585862
0.037455634725880586
0.03885069773353178
0.04027533683072026
0.04172996711199903
0.04321500656456607
0.04473087606826438
0.046277999395581866
0.04785680321165143
0.04946771707425093
0.051111173433803225
0.0527876076333761
0.05449745790868233
0.05624116538807966
0.05801917409257081
0.059831930935803454
0.06167988572407024
0.06356349115630877
0.06548320282410167
0.06743947921167645
0.06943278169590567
0.07146357454630681
0.07353232492504232
0.07563950288691965
0.07778558137939119
0.0799710362425543
0.08219634620915132
0.08446199290456959
0.08676846084684132
0.0891162374466438
0.09150581300729924
0.09393768072477479
0.09641233668768265
0.09893027987727988
0.1014920121674686
0.1040980383247959
0.10674886600845372
0.10944500577027913
0.11218697105475409
0.11497527819900544
0.1178104464328052
0.12069299787857014
0.12362345755136218
0.12660235335888806
0.1296302161014996
0.13270757947219355
0.1358349800566116
0.1390129573330404
0.14224205367241163
0.14552281433830194
0.14885578748693287
0.152241524167171
0.15568057832052787
0.15917350678115996
0.1627208692758687
0.1663232284241006
0.16998114973794698
0.17369520162214427
0.17746595537407375
0.18129398518376177
0.18517986813387974
0.18912418419974356
0.19312751624931476
0.1971904500431993
0.2013135742346486
0.20549748036955842
0.20974276288647026
0.21405001911656973
0.21841984928368838
0.22285285650430162
0.22734964678753097
0.2319108290351419
0.2365370150415457
0.24122881949379787
0.24598685997159964
0.2508117569472964
0.25570413378587936
0.26066461674498387
0.26569383497489096
0.27079242051852603
0.27596100831146003
0.2812002361819083
0.28651074485073175
0.2918931779314355
0.29734818193017054
0.30287640624573203
0.3084785031695607
0.3141551278857416
0.3199069384710056
0.32573459589472764
0.3316387640189285
0.3376201095982731
0.34367930228007204
0.3498170146042801
0.3560339220034981
0.3623307028029706
0.36870803822058845
0.37516661236688603
0.38170711224504417
0.3883302277508871
0.39503665167288576
0.40182707969215437
0.40870221038245347
0.4156627452101874
0.42270938853440676
0.4298428476068058
0.43706383257172493
0.44437305646614833
0.45177123521970636
0.45925908765467327
0.4668373354859693
0.4745067033211586
0.4822679186604513
0.49012171189670156
0.49806881631540945
0.5061099680947191
0.5142459063054204
0.5224773729109475
0.5308051127673803
0.5392298736234427
0.5477524061205047
0.55637346379258
0.5650938030663287
0.5739141832610543
0.5828353665887068
0.5918581181538799
0.6009832059538134
0.6102114008783908
0.6195434767101419
0.6289802101242401
0.6385223806885055
0.648170770863401
0.6579261660020368
0.6677893543501657
0.6777611270461876
0.6878422781211461
0.6980336044987301
0.7083359059952733
0.7187499853197552
0.7292766480737986
0.7399167027516732
0.750670960740292
0.7615402363192146
0.7725253466606435
0.7836271118294288
0.7948463547830628
0.8061839013716852
0.8176405803380783
0.829217223317672
0.8409146648385386
0.8527337423213975
0.8646752960796114
0.8767401693191895
0.8889292081387843
0.9012432615296952
0.9136831813758641
0.9262498224538808
0.938944042432977
0.9517667018750325
0.9647186642345691
0.9778007958587561
0.9910139659874059
1.004359046752977
1.0178369131805718
1.0314484431879394
1.0451945175854715
1.0590760200762075
1.0730938372558287
1.0872488586126647
1.1015419765276873
1.1159740862745149
1.1305460860194094
1.14525887682128
1.160113362631678
1.1751104502948022
1.1902510495474947
1.2055360730192437
1.220966436232181
1.2365430576010852
1.2522668584333774
1.268138762929127
1.2841596981810448
1.3003305941744903
1.3166523837874633
1.333126002790613
1.3497523898472314
1.3665324865132564
1.3834672372372687
1.4005575893604976
1.417804493116813
1.4352089016327347
1.4527717709274228
1.4704940599126861
1.4883767303929751
1.5064207470653892
1.5246270775196673
1.5429966922381992
1.5615305645960151
1.5802296708607937
1.5990949901928553
1.6181275046451673
1.637328199163342
1.6566980615856364
1.676238082642951
1.695949255958834
1.7158325780494765
1.735889048323716
1.7561196690830325
1.7765254455215542
1.797107385726052
1.8178665006759434
1.8388038042432888
1.8599203131927953
1.881217047181814
1.9026950287603424
1.92435528337102
1.946198839349136
1.9682267279226193
1.9904399832120476
2.012839642230641
2.035426744884268
2.0582023339714373
2.0811674551833073
2.1043231571036762
2.127670491208994
2.151210511868349
2.1749442763434788
2.1988728447887635
2.22299728025123
2.247318648670548
2.2718380188790355
2.296556462601651
2.3214750544560028
2.3465948719523393
2.371916995493559
2.3974425083752
2.423172496785451
2.4491080498051403
2.4752502594077455
2.5016002204593852
2.528159030718827
2.55492779083748
2.5819076043594023
2.6090995777212904
2.636504820252494
2.664124444175
2.6919595646034473
2.7200112995451136
2.7482807698999263
2.776769099460454
2.805477414911914
2.834406845832164
2.863558524691712
2.8929335868537063
2.922533170573944
2.9523584170008625
2.9824104701755503
3.012690477031734
3.043199587395793
