Taxes(0.7305, 0.20156, 0.85, 0.021511048572929774, 0.352)
400
-0.01214435705953589
-0.012144356932795931
-0.01214435503169656
-0.01214434679359929
-0.012144324614106635
-0.01214427784706212
-0.012144192804550284
-0.012144052756896664
-0.012143837932667805
-0.012143525518671264
-0.012143089659955607
-0.012142501459810398
-0.012141728979766217
-0.012140737239594643
-0.012139488217308276
-0.012137940849160709
-0.01213605102964655
-0.012133771611501412
-0.012131052405701915
-0.012127840181465687
-0.012124078666251367
-0.012119708545758594
-0.012114667463928022
-0.012108890022941302
-0.012102307783221106
-0.0120948492634311
-0.012086439940475967
-0.012077002249501392
-0.012066455583894069
-0.012054716295281702
-0.012041697693532995
-0.01202731004675767
-0.012011460581306444
-0.011994053481771053
-0.011974989890984233
-0.011954167910019728
-0.011931482598192291
-0.011906825973057682
-0.01188008701041267
-0.011851151644295028
-0.011819902766983536
-0.011786220228997986
-0.011749980839099176
-0.011711058364288906
-0.011669323529809988
-0.011624644019146245
-0.011576884474022494
-0.011525906494404577
-0.01147156863849933
-0.011413726422754601
-0.011352232321859246
-0.011286935768743126
-0.011217683154577112
-0.011144317828773084
-0.011066680098983919
-0.010984607231103513
-0.010897933449266768
-0.010806489935849588
-0.010710104831468881
-0.010608603234982578
-0.0105018072034896
-0.010389535752329886
-0.010271604855084377
-0.010147827443575024
-0.010018013407864786
-0.009881969596257627
-0.009739499815298518
-0.00959040482977344
-0.00943448236270938
-0.009271527095374328
-0.009101330667277294
-0.00892368167616828
-0.008738365678038304
-0.008545165187119392
-0.008343859675884571
-0.00813422557504788
-0.007916036273564365
-0.007689062118630079
-0.007453070415682084
-0.007207825428398443
-0.006953088378698236
-0.00668861744674154
-0.006414167770929448
-0.006129491447904054
-0.005834337532548465
-0.0055284520379867905
-0.0052115779355841494
-0.004883455154946668
-0.0045438205839214785
-0.004192408068596725
-0.003828948413301552
-0.0034531693806061146
-0.003064795691321577
-0.0026635490245001084
-0.0022491480174348867
-0.001821308265660096
-0.0013797423229509299
-0.0009241597013235837
-0.0004542668710352671
3.02327394158065e-5
0.0005296387432904146
0.0010442537956083346
0.001574383593148323
0.0021203368744481406
0.002682425419804535
0.003260964051273251
0.003856270632669024
0.004468666069565579
0.0050984743092956355
0.00574602234095091
0.0064116401953821026
0.007095660945198918
0.007798420704770045
0.008520258630223165
0.009261516919444957
0.010022540812081085
0.01080367858953622
0.011605281574974006
0.012427704133317095
0.013271303671247127
0.014136440637204732
0.015023478521389546
0.01593278385576017
0.01686472621403422
0.01781967821168831
0.01879801550595802
0.019800116795837947
0.02082636382208167
0.021877141367201765
0.022952837255469795
0.024053842352916317
0.025180550567330894
0.026333358848262056
0.027512667187017358
0.02871887861666331
0.029952399212025447
0.031213638089688283
0.03250300740799533
0.033820922367049075
0.03516780120871101
0.03654406521660165
0.03795013871610044
0.03938644907434585
0.04085342670023538
0.042351505044425475
0.04388112059933156
0.04544271289912808
0.0470367245197485
0.04866360107888523
0.050323791235989686
0.05201774669227228
0.05374592219070243
0.05550877551600851
0.05730676749467793
0.05914036199495707
0.061010025926851306
0.06291622924212502
0.06485944493430154
0.06684014903866324
0.06885882063225149
0.07091594183386658
0.07301199780406788
0.0751474767451737
0.07732286990126136
0.07953867155816717
0.08179537904348647
0.08409349272657347
0.08643351601854153
0.08881595537226292
0.09124132028236887
0.0937101232852497
0.09622287995905465
0.09878010892369195
0.10138233184082888
0.10403007341389166
0.1067238613880655
0.10946422655029468
0.11225170272928234
0.11508682679549075
0.1179701386611411
0.12090218128021352
0.12388350064844729
0.1269146458033405
0.1299961688241504
0.1331286248318931
0.1363125719893438
0.1395485715010366
0.1428371876132647
0.14617898761408016
0.14957454183329413
0.15302442364247681
0.1565292094549572
0.16008947872582346
0.1637058139519227
0.167378800671861
0.17110902746600343
0.17489708595647407
0.17874357080715597
0.18264907972369124
0.18661421345348086
0.19063957578568497
0.19472577355122267
0.1988734166227717
0.20308311791476938
0.2073554933834115
0.21169116202665336
0.2160907458842086
0.2205548700375506
0.2250841626099109
0.229679254766281
0.23434078071341036
0.23906937769980843
0.24386568601574274
0.2487303489932406
0.2536640130060876
0.25866732746982907
0.2637409448417685
0.26888552062096926
0.2741017133482529
0.27939018460620063
0.284751599019152
0.2901866242532063
0.29569593101622105
0.3012801930578135
0.30694008716935905
0.3126762931839931
0.318489493976609
0.32438037546386006
0.3303496266041576
0.33639793939767304
0.3425260088863357
0.34873453315383485
0.35502421332561784
0.361395753568892
0.36784986109262247
0.37438724614753466
0.38100862202611185
0.3877147050625974
0.3945062146329924
0.4013838731550583
0.4083484060883141
0.41540054193403936
0.4225410122352711
0.4297705515768066
0.43708989758520106
0.4444997909287698
0.4520009753175859
0.45959419750348274
0.4672802072800513
0.4750597574826429
0.48293360398836666
0.49090250571609184
0.4989672246264455
0.5071285257218149
0.5153871770463451
0.5237439496859413
0.5321996177682665
0.5407549584627441
0.549410751980555
0.5581677815746405
0.5670268335396994
0.5759886972121911
0.5850541649703327
0.5942240322341011
0.6034990974652312
0.6128801621672187
0.6223680308853161
0.6319635112065367
0.6416674137596513
0.6514805522151914
0.6614037432854455
0.6714378067244632
0.6815835653280509
0.6918418449337762
0.7022134744209636
0.7126992857106984
0.7233001137658235
0.734016796590942
0.7448501752324146
0.7558010937783627
0.7668703993586646
0.7780589421449601
0.7893675753506454
0.8007971552308779
0.812348541082572
0.8240225952444036
0.8358201830968045
0.8477421730619686
0.8597894366038459
0.8719628482281481
0.8842632854823433
0.896691628955661
0.9092487622790877
0.9219355721253708
0.9347529482090144
0.9477017832862843
0.9607829731552021
0.9739974166555518
0.9873460156688733
1.0008296751184682
1.0144493029693948
1.0282058102284723
1.0421001109442771
1.0561331222071464
1.0703057641491744
1.0846189599442166
1.0990736358078852
1.1136707209975536
1.1284111478123515
1.1432958515931708
1.1583257707226593
1.1735018466252265
1.1888250237670386
1.2042962496560228
1.219916474841863
1.2356866529160049
1.2516077405116504
1.2676806973037626
1.283906486009062
1.30028607238603
1.3168204252349036
1.3335105163976833
1.3503573207581243
1.367361816241745
1.3845249838158178
1.4018478074893788
1.4193312743132203
1.4369763743798953
1.4547841008237132
1.4727554498207465
1.4908914205888215
1.5091930153875288
1.5276612395182139
1.5462971013239837
1.5651016121897026
1.584075786541996
1.6032206418492447
1.6225371986215928
1.6420264804109401
1.661689513810948
1.6815273284570336
1.7015409570263762
1.7217314352379125
1.7420998018523393
1.7626470986721097
1.7833743705414393
1.8042826653463004
1.8253730340144259
1.8466465305153048
1.8681042118601892
1.8897471381020865
1.911576372335766
1.9335929806977534
1.9557980323663353
1.978192599561556
2.0007777575452206
2.02355458462089
2.046524162133889
2.069687574471296
2.093045909061952
2.1166002563764543
2.140351709927164
2.164301366268195
2.188450324995425
2.2127996887464865
2.2373505632007764
2.2621040570794446
2.2870612821454057
2.3122233532033283
2.3375913880996437
2.363166507722539
2.3889498360019643
2.4149424999096243
2.441145629458986
2.467560357705273
2.4941878207454713
2.5210291577183206
2.5480855108043254
2.5753580252257446
2.6028478492466
2.630556134172667
2.658484034351487
2.686632707172354
2.7150033130663256
2.743597015506214
2.7724149810065963
2.801458379123802
2.8307283824559253
2.8602261666428146
2.8899529103660817
2.9199097953490933
2.9500980063569795
2.9805187311966237
3.0111731607166745
3.042062488807534
3.073187912401369
3.1045506314720983
3.1361518490354072
3.1679927711487323
3.200074606911278
