Taxes(0.7305, 0.19375, 0.85, 0.02867705725425257, 0.352)
400
-0.012037082302983521
-0.012037082177363096
-0.012037080293056706
-0.012037072127729026
-0.012037050144154496
-0.012037003790217346
-0.01203691949891158
-0.012036780688340984
-0.012036567761719115
-0.01203625810736932
-0.012035826098724717
-0.012035243094328208
-0.012034477437832466
-0.012033494457999951
-0.0120322564687029
-0.012030722768923325
-0.012028849642753022
-0.012026590359393564
-0.012023895173156298
-0.012020711323462357
-0.012016983034842653
-0.01201265151693787
-0.012007654964498477
-0.012001928557384717
-0.011995404460566617
-0.011988011824123979
-0.011979676783246388
-0.011970322458233202
-0.01195986895449356
-0.011948233362546388
-0.011935329758020375
-0.011921069201654004
-0.011905359739295525
-0.011888106401902979
-0.011869211205544175
-0.011848573151396705
-0.011826088225747941
-0.011801649399995033
-0.01177514663064491
-0.01174646685931428
-0.011715494012729626
-0.011682109002727217
-0.011646189726253097
-0.011607611065363089
-0.011566244887222793
-0.011521960044107594
-0.011474622373402644
-0.01142409469760289
-0.011370236824313044
-0.011312905546247606
-0.011251954641230848
-0.011187234872196826
-0.011118593987189371
-0.011045876719362097
-0.010968924786978394
-0.01088757689341143
-0.010801668727144158
-0.0107110329617693
-0.010615499255989362
-0.010514894253616635
-0.010409041583573177
-0.010297761859890831
-0.010180872681711223
-0.01005818863328575
-0.009929521283975591
-0.009794679188251708
-0.009653467885694836
-0.009505689900995488
-0.009351144743953961
-0.00918962890948033
-0.009020935877594448
-0.008844856113425944
-0.00866117706721423
-0.008469683174308493
-0.008270155855167704
-0.00806237351536061
-0.00784611154556573
-0.007621142321571379
-0.007387235204275634
-0.007144156539686359
-0.006891669658921196
-0.0066295348782075625
-0.006357509498882661
-0.006075347807393466
-0.005782801075296737
-0.00547961755925901
-0.005165542501056598
-0.004840318127575593
-0.0045036836508118685
-0.004155375267871078
-0.0037951261609686484
-0.0034226664974297888
-0.0030377234296894875
-0.002640021095292511
-0.0022292806168934054
-0.0018052201022564938
-0.0013675546442558821
-0.0009159963208754478
-0.00045025419520885524
2.9965684540456375e-5
0.000524960285059267
0.001035029587924585
0.001560476589603626
0.0021016073014538394
0.002658730749722889
0.0032321589755486633
0.0038222070349592722
0.004429192998873041
0.005053437953098522
0.005695265998334487
0.006355004250169925
0.007032982839084057
0.007729534910446313
0.00844499662451635
0.009179707156444044
0.009934008696269491
0.010708246448923021
0.011502768634225162
0.012317926486886678
0.01315407425650856
0.014011569207582003
0.014890771619488444
0.015792044786499513
0.016715755017777088
0.017662271637373255
0.01863196698423032
0.019625216412180818
0.020642398289947506
0.02168389400114334
0.022750087944271535
0.023841367532725487
0.024958123194788847
0.026100748373635463
0.02726963952732943
0.02846519612882502
0.02968782066596678
0.030937918641489436
0.032215898573017966
0.033522171993067534
0.034857153449043554
0.03622126050324166
0.03761491373284769
0.03903853672993771
0.04049255610147803
0.04197740146932516
0.043493505470225804
0.04504130375581693
0.04662123499262572
0.048233740862069566
0.049879266060456076
0.0515582582989831
0.053271168303738695
0.05501844981570113
0.05680055959073891
0.05861795739961076
0.06047110602796563
0.062360471276342685
0.0642865219601713
0.06624972990977109
0.06825056997035188
0.0702895200020137
0.07236706087974686
0.07448367649343182
0.0766398537478393
0.07883608256263025
0.08107285587235581
0.08335066962645736
0.08567002278926648
0.08803141734000502
0.090435358272785
0.09288235359660867
0.09537291433536853
0.09790755452784727
0.10048679122771784
0.10311114450354333
0.10578113743877716
0.10849729613176293
0.11126014969573436
0.11407023025881557
0.11692807296402082
0.11983421596925445
0.1227892004473113
0.1257935705858762
0.12884787358752434
0.13195265966972103
0.13510848206482184
0.13831589702007266
0.1415754637976094
0.14488774467445834
0.14825330494253594
0.15167271290864892
0.15514653989449412
0.1586753602366587
0.16225975128662004
0.16590029341074566
0.16959756999029335
0.17335216742141116
0.17716467511513723
0.18103568549740012
0.1849657940090184
0.1889555991057011
0.19300570225804733
0.19711670795154618
0.2012892236865775
0.20552385997841086
0.20982123035720648
0.21418195136801427
0.21860664257077503
0.22309592654031904
0.22765042886636766
0.23227077815353145
0.23695760602131227
0.2417115471041012
0.24653323905118038
0.2514233225267215
0.25638244120978704
0.2614112417943292
0.26651037398919086
0.2716804905181046
0.2769222471196939
0.2822363025474716
0.2876233185698418
0.29308395997009773
0.2986188945464239
0.3042287931118938
0.3099143294944726
0.3156761805370144
0.3215150260972645
0.32743154904785754
0.3334264352763192
0.3395003736850647
0.34565405619140016
0.3518881777275212
0.35820343624051426
0.36460053269235543
0.3710801710599118
0.37764305833493966
0.38428990452408684
0.3910214226488898
0.39783832874577685
0.40474134186606486
0.4117311840759628
0.41880858045656794
0.4259742591038693
0.43322895112874504
0.4405733906569645
0.4480083148291862
0.45553446380096
0.4631525807427249
0.47086341183981106
0.47866770629243793
0.4865662163157163
0.4945596971396459
0.5026489070091181
0.5108346071839129
0.5191175619387021
0.5274985385630463
0.5359783073613977
0.5445576416530974
0.5532373177723778
0.5620181150683606
0.5709008159050588
0.5798862056613744
0.5889750727311008
0.5981682085229203
0.607466407460407
0.6168704669820236
0.6263811875411247
0.6359993726059532
0.6457258286596442
0.6555613652002212
0.6655067947405998
0.6755629328085838
0.6857305979468692
0.6960106117130402
0.7064037986795733
0.7169109864338333
0.727533005578077
0.7382706897294496
0.7491248755199886
0.7600964025966194
0.7711861136211597
0.782394854270316
0.7937234732356859
0.8051728222237563
0.8167437559559059
0.8284371321684014
0.8402538116124023
0.8521946580539553
0.8642605382740006
0.8764523220683658
0.8887708822477707
0.9012170946378236
0.9137918380790254
0.9264959944267643
0.9393304485513216
0.9522960883378659
0.9653938046864591
0.9786244915120501
0.9919890457444813
1.0054883673284825
1.0191233592236757
1.032894927404572
1.0468039808605734
1.060851431595971
1.0750381946299479
1.0893651879965753
1.1038333327448173
1.118443552938525
1.133196775656443
1.148093930992203
1.1631359520543298
1.1783237749662359
1.193658338866226
1.2091405859074935
1.2247714612581238
1.2405519131010903
1.2564828926342586
1.2725653540703827
1.2888002546371093
1.305188554576972
1.3217312171473983
1.3384292086207026
1.3552834982840924
1.3722950584396623
1.3894648644043999
1.4067938945101817
1.4242831301037757
1.4419335555468369
1.4597461582159152
1.4777219285024459
1.4958618598127587
1.5141669485680704
1.5326381942044907
1.5512765991730164
1.5700831689395385
1.589058911984833
1.6082048398045719
1.6275219669093126
1.6470113108245064
1.6666738920904915
1.6865107342624992
1.7065228639106491
1.726711310619953
1.7470771069903093
1.7676212886365108
1.788344894188238
1.8092489652900632
1.8303345466014465
1.851602685796741
1.8730544335651875
1.8946908436109202
1.91651297265296
1.93852188042522
1.960718629676503
1.983104286170503
2.005679918685802
2.0284465990158758
2.0514054019690855
2.0745574053686875
2.097903690052824
2.1214453398745317
2.1451834417017337
2.1691190854172464
2.193253363918772
2.21758737311891
2.242122211945142
2.2668589823398473
2.2917987892602896
2.316942740678626
2.3422919475819026
2.3678475239720576
2.393610586865915
2.4195822562951954
2.445763655306503
2.472155909961338
2.498760149336086
2.525577505522027
2.552609113625328
2.579856111767049
2.6073196410831354
2.6350008457244303
2.662900872856659
2.6910208726604443
2.7193619983312924
2.747925406079607
2.7767122551306738
2.8057237077246766
2.8349609291166837
2.8644250875766573
2.8941173543894467
2.9240389038547954
2.954190913287331
2.9845745630165794
3.0151910363869487
3.046041519757744
3.077127202503155
3.1084492770122663
3.1400089386890477
3.1718073859523663
