EQUIVALENT TAX REGIME SIMULATIONS - DETAILS
Time spent: 1 day, 3 hours, 40 minutes, 46 seconds, 764 milliseconds

Target regime: Taxes(0.7305, 0.1875, 0.85, 0.0343, 0.352)
Found 48 equivalent regimes:
Taxes(0.7305, 0.15, 0.85, 0.06600647866178755, 0.352);0.028506758823925716
Taxes(0.7305, 0.15156, 0.85, 0.06475534807987803, 0.352);0.028557369074252995
Taxes(0.7305, 0.15313, 0.85, 0.06348912190353313, 0.352);0.028608916157468092
Taxes(0.7305, 0.15469, 0.85, 0.0622242441456176, 0.352);0.028660686525532303
Taxes(0.7305, 0.15625, 0.85, 0.060953103072182144, 0.352);0.028712873681581614
Taxes(0.7305, 0.15781, 0.85, 0.059676478726441266, 0.352);0.028765425288294563
Taxes(0.7305, 0.15937, 0.85, 0.058394697592861824, 0.352);0.02881817791094501
Taxes(0.7305, 0.16094, 0.85, 0.05709936801732352, 0.352);0.02887144611048716
Taxes(0.7305, 0.1625, 0.85, 0.05580733098413394, 0.352);0.028924483265458007
Taxes(0.7305, 0.16406, 0.85, 0.05451021107541152, 0.352);0.02897785288965469
Taxes(0.7305, 0.16562, 0.85, 0.053206151175621205, 0.352);0.029032184129040413
Taxes(0.7305, 0.16719, 0.85, 0.051887860995843416, 0.352);0.029088274029234668
Taxes(0.7305, 0.16875, 0.85, 0.05057167965625574, 0.352);0.029145138041779723
Taxes(0.7305, 0.17031, 0.85, 0.04925010238762207, 0.352);0.029201836044529274
Taxes(0.7305, 0.17188, 0.85, 0.047914625313557876, 0.352);0.02925859670436165
Taxes(0.7305, 0.17344, 0.85, 0.04658320224748269, 0.352);0.029314379148246764
Taxes(0.7305, 0.175, 0.85, 0.0452467555360654, 0.352);0.029369940253131322
Taxes(0.7305, 0.17656, 0.85, 0.04390402582460066, 0.352);0.02942540781737886
Taxes(0.7305, 0.17812, 0.85, 0.042552789222123966, 0.352);0.02948145481886168
Taxes(0.7305, 0.17969, 0.85, 0.04118602149857177, 0.352);0.029538147012046913
Taxes(0.7305, 0.18125, 0.85, 0.03982153524549919, 0.352);0.02959439408529525
Taxes(0.7305, 0.18281, 0.85, 0.03845136723684397, 0.352);0.029650402788852448
Taxes(0.7305, 0.18438, 0.85, 0.03706683445184722, 0.352);0.02970642475535685
Taxes(0.7305, 0.18594, 0.85, 0.03568706262822887, 0.352);0.02976173348448294
Taxes(0.7305, 0.18906, 0.85, 0.03290839126056977, 0.352);0.02987135422884385
Taxes(0.7305, 0.19062, 0.85, 0.03150637686297362, 0.352);0.029926362149159235
Taxes(0.7305, 0.19219, 0.85, 0.030090339941375072, 0.352);0.029981505422099576
Taxes(0.7305, 0.19375, 0.85, 0.02867705725425257, 0.352);0.03003605479121559
Taxes(0.7305, 0.19531, 0.85, 0.027257656702200612, 0.352);0.03009030536346161
Taxes(0.7305, 0.19688, 0.85, 0.02582285990781069, 0.352);0.03014452228911821
Taxes(0.7305, 0.19844, 0.85, 0.02439151036771906, 0.352);0.030197989385793173
Taxes(0.7305, 0.2, 0.85, 0.022954803437659516, 0.352);0.030250955449495905
Taxes(0.7305, 0.20156, 0.85, 0.021511048572929774, 0.352);0.03030373680787195
Taxes(0.7305, 0.20312, 0.85, 0.020059204344710143, 0.352);0.030356565629502247
Taxes(0.7305, 0.20469, 0.85, 0.018591420353526445, 0.352);0.030409411300419145
Taxes(0.7305, 0.20625, 0.85, 0.01712715046669158, 0.352);0.03046127330246466
Taxes(0.7305, 0.20781, 0.85, 0.015656391444747186, 0.352);0.0305125277084493
Taxes(0.7305, 0.20938, 0.85, 0.014168875894409773, 0.352);0.030563370239570817
Taxes(0.7305, 0.21094, 0.85, 0.012684717522607043, 0.352);0.03061261675775172
Taxes(0.7305, 0.2125, 0.85, 0.011194897261472535, 0.352);0.030661607123068473
Taxes(0.7305, 0.21406, 0.85, 0.009697784864833801, 0.352);0.030710730717997525
Taxes(0.7305, 0.21562, 0.85, 0.008193129366801187, 0.352);0.03076004774433631
Taxes(0.7305, 0.21719, 0.85, 0.006671566272478494, 0.352);0.030809860707463072
Taxes(0.7305, 0.21875, 0.85, 0.005152549400052463, 0.352);0.03085949087516254
Taxes(0.7305, 0.22031, 0.85, 0.0036256561488085945, 0.352);0.03090928785229056
Taxes(0.7305, 0.22188, 0.85, 0.0020821359507432035, 0.352);0.03095939725828013
Taxes(0.7305, 0.22344, 0.85, 0.000542048431726944, 0.352);0.031009132546948138
Taxes(0.7305, 0.225, 0.85, -0.0010042991457921888, 0.352);0.031058668744178737

Baseline taxes parameters: Taxes(0.7305, 0.1875, 0.85, 0.0343, 0.352)
Household parameters: HHParams(0.9675, 1.5, 85.0, 2.5)
Firm parameters: FirmParams(0.3333333333333333, 0.084, 1.0)
Computational parameters: CompParams(3000, 0.0001, 500, 1.0e-6)
Asset grid type: polynomial
Grid parameters: GridParams(-1.138506930429756, 300.0, 400, 0.0, 1.0, 150, 7)
