Taxes(0.7305, 0.16406, 0.85, 0.05451021107541152, 0.352)
400
-0.01161300319303372
-0.011613003071839031
-0.011613001253918747
-0.011612993376264175
-0.011612972167194171
-0.011612927446355134
-0.011612846124721007
-0.011612712204593274
-0.011612506779600953
-0.01161220803470062
-0.011611791246176381
-0.011611228781639893
-0.011610490100030348
-0.01160954175161448
-0.011608347377986576
-0.011606867712068454
-0.01160506057810948
-0.011602880891686563
-0.011600280659704146
-0.011597208980394229
-0.011593612043316342
-0.01158943312935756
-0.011584612610732507
-0.011579087950983339
-0.011572793704979765
-0.011565661518919027
-0.011557620130325918
-0.011548595368052765
-0.011538510152279441
-0.011527284494513367
-0.011514835497589495
-0.011501077355670332
-0.011485921354245913
-0.01146927587013383
-0.011451046371479211
-0.011431135417754722
-0.011409442659760578
-0.011385864839624534
-0.011360295790801885
-0.011332626438075475
-0.011302744797555681
-0.011270535976680431
-0.011235882174215193
-0.011198662680252974
-0.011158753876214324
-0.011116029234847342
-0.011070359320227659
-0.01102161178775846
-0.01096965138417046
-0.01091433994752193
-0.010855536407198668
-0.010793096783914026
-0.010726874189708897
-0.010656718827951713
-0.010582477993338448
-0.010503996071892618
-0.010421114540965292
-0.010333671969235065
-0.010241504016708083
-0.010144443434718039
-0.010042320065926157
-0.00993496084432121
-0.009822189795219517
-0.009703828035264933
-0.009579693772428855
-0.009449602306010229
-0.009313366026635538
-0.009170794416258806
-0.009021694048161605
-0.008865868586953048
-0.008703118788569785
-0.008533242500276017
-0.008356034660663477
-0.008171287299651452
-0.00797878953848676
-0.007778327589743773
-0.007569684757324393
-0.007352641436458075
-0.007126975113701811
-0.006892460366940134
-0.006648868865385127
-0.0063959693695764055
-0.006133527731381136
-0.00586130689399402
-0.005579066891937307
-0.005286564851060787
-0.004983554988541791
-0.004669788612885195
-0.004345014123923414
-0.004008977012816412
-0.0036614198620516856
-0.0033020823454442804
-0.002930701228136784
-0.002547010366599325
-0.002150740708629575
-0.0017416202933527468
-0.0013193742512215994
-0.0008837248040164269
-0.00043439126484507356
2.8909961857077897e-5
0.0005064653803271003
0.0009985644034745313
0.001505499352881353
0.002027565458802016
0.002565060860163424
0.0031182866045649407
0.003687546648278387
0.004273147856248037
0.004875400002090627
0.005494615768095352
0.006131110745223856
0.006785203433110256
0.007457215240061112
0.008147470483055448
0.008856296387744744
0.009584023088452938
0.010330983628176431
0.01109751395858407
0.011883952940017166
0.012690642341489493
0.013517926840687273
0.0143661540239692
0.0152356743863664
0.016126841331582483
0.017040011171993504
0.01797554312864797
0.018933799331266862
0.01991514481824361
0.02091994753664409
0.021948578342206662
0.023001410999342116
0.024078822181133722
0.025181191469337186
0.0263089013543807
0.02746233723536488
0.028641887420062826
0.029847943124920083
0.031080898475054665
0.03234115050425702
0.03362909915499007
0.03494514727838921
0.03628970063426226
0.03766316789108951
0.03906596062602374
0.04049849332489014
0.04196118338218637
0.04345445110108255
0.04497871969342129
0.04653441527971761
0.048121966889159005
0.04974180645960543
0.051394368837589306
0.0530800917783155
0.054799415945661324
0.05655278491217658
0.058340645159083514
0.06016344607627682
0.06202163996232365
0.06391568202446361
0.06584603037860881
0.06781314604934374
0.06981749296992541
0.07185953798228328
0.07393975083701922
0.0760586041934076
0.07821657361939527
0.08041413759160146
0.08265177749531792
0.08492997762450887
0.08724922518181091
0.08961001027853319
0.09201282593465725
0.09445816807883711
0.09694653554839928
0.09947843008934265
0.10205435635633865
0.10467482191273114
0.10734033723053638
0.11005141569044319
0.1128085735818128
0.11561233010267881
0.11846320735974747
0.12136173036839729
0.12430842705267939
0.12730382824531722
0.1303484676877068
0.13344288202991658
0.1365876108306874
0.13978319655743257
0.14303018458623795
0.14632912320186184
0.14968056359773482
0.1530850598759602
0.15654316904731352
0.16005545103124294
0.16362246865586896
0.1672447876579846
0.1709229766830553
0.17465760728521904
0.17844925392728608
0.18229849398073938
0.1862059077257343
0.19017207835109828
0.19419759195433184
0.19828303754160742
0.20242900702777042
0.20663609523633805
0.2109048998995007
0.21523602165812056
0.21963006406173297
0.22408763356854483
0.22860933954543655
0.23319579426795997
0.2378476129203403
0.24256541359547437
0.24734981729493227
0.2522014479289558
0.25712093231645994
0.2621089001850314
0.26716598417093007
0.2722928198190875
0.2774900455831086
0.28275830282526987
0.2880982358165211
0.2935104917364836
0.2989957206734521
0.3045545756243929
0.31018771249494576
0.3158957900994217
0.32167947016080534
0.3275394173107528
0.33347629908959353
0.3394907859463287
0.3455835512386325
0.3517552712328509
0.3580066251040033
0.3643382949357804
0.3707509657205467
0.3772453253593377
0.3838220646618627
0.39048187734650214
0.3972254600403105
0.404053512279013
0.41096673650700877
0.4179658380773682
0.4250515252518353
0.4322245092008255
0.43948550400342756
0.44683522664740183
0.454274397029182
0.4618037379538733
0.46942397513525447
0.47713583719577557
0.4849400556665603
0.49283736498740355
0.5008285025067739
0.5089142084818112
0.5170952260783291
0.5253723013708124
0.5337461833424194
0.5422176238849796
0.5507873777989968
0.5594562027936453
0.5682248594867736
0.5770941114049007
0.5860647249832205
0.595137469565597
0.6043131174045684
0.6135924436613438
0.6229762264058067
0.6324652466165109
0.6420602881806848
0.6517621378942271
0.661571585461711
0.6714894234963804
0.6815164475201531
0.691653455963618
0.701901250166038
0.7122606343753469
0.7227324157481524
0.7333174043497331
0.7440164131540418
0.754830258043702
0.7657597578100113
0.776805734152938
0.7879690116811251
0.7992504179118856
0.8106507832712073
0.822170941093748
0.8338117276228405
0.8455739820104877
0.8574585463173671
0.8694662655128266
0.8815979874748888
0.8938545629902465
0.9062368457542669
0.9187456923709876
0.9313819623531211
0.9441465181220499
0.9570402250078313
0.9700639512491926
0.9832185679935362
0.9965049492969348
1.0099239721241347
1.0234765163485537
1.0371634647522838
1.050985703026087
1.0649441197694005
1.0790396064903311
1.093273057605661
1.107645370440842
1.122157445230001
1.136810185115935
1.1516044961501153
1.1665412872926841
1.181621470412458
1.1968459602869237
1.2122156746022428
1.2277315339532469
1.2433944618434423
1.2592053846850058
1.2751652317987887
1.2912749354143125
1.307535430669774
1.3239476556120384
1.3405125511966476
1.3572310612878133
1.3741041326584214
1.3911327149900277
1.4083177608728636
1.42566022580583
1.4431610681965032
1.460821249361129
1.4786417335246285
1.4966234878205924
1.5147674822912873
1.5330746898876475
1.551546086469285
1.5701826508044803
1.588985364570189
1.6079552123520369
1.627093181644324
1.6464002628500216
1.6658774492807753
1.6855257371568997
1.7053461256073856
1.7253396166698942
1.74550721529076
1.7658499293249883
1.7863687695362596
1.8070647495969243
1.8279388860880075
1.8489921984992044
1.8702257092288843
1.891640443584088
1.9132374297805306
1.9350176989425967
1.9569822851033472
1.9791322252045105
2.0014685590964922
2.0239923295383666
2.0467045821978846
2.0696063656514654
2.0926987313842034
2.1159827337898625
2.139459430170884
2.1631298807383756
2.1869951486121235
2.211056299820582
2.235314403300879
2.2597705308988147
2.2844257573688647
2.309281160374171
2.334337820486555
2.359596821186504
2.3850592488631834
2.410726192814427
2.436598745246744
2.4626780012753136
2.4889650589239896
2.515461019125295
2.5421669857204305
2.5690840654592635
2.5962133680003388
2.623556005910869
2.6511130946667447
2.6788857526525223
2.7068751011614376
2.735082264395393
2.7635083694649674
2.7921545463894093
2.8210219280966427
2.8501116504232598
2.87942485211453
2.908962674824391
2.938726263115457
2.9687167644590104
2.9989353292350103
3.029383110732083
3.060061265147535
