Taxes(0.7305, 0.21719, 0.85, 0.006671566272478494, 0.352)
400
-0.012347188459239789
-0.012347188330383058
-0.012347186397532097
-0.012347178021844605
-0.012347155471916732
-0.012347107923783103
-0.012347021460916808
-0.01234687907422939
-0.01234666066207086
-0.012346343030229695
-0.012345899891932834
-0.012345301867845677
-0.012344516486072087
-0.012343508182154394
-0.01234223829907339
-0.012340665087248327
-0.012338743704536926
-0.01233642621623537
-0.012333661595078293
-0.012330395721238814
-0.012326571382328502
-0.01232212827339739
-0.012317002996933975
-0.012311129062865219
-0.012304436888556546
-0.012296853798811843
-0.012288304025873465
-0.012278708709422222
-0.01226798589657739
-0.012256050541896718
-0.0122428145073764
-0.012228186562451114
-0.012212072383993982
-0.012194374556316603
-0.012174992571169033
-0.012153822827739793
-0.012130758632655867
-0.012105690199982705
-0.012078504651224212
-0.012049086015322768
-0.012017315228659205
-0.011983070135052827
-0.011946225485761398
-0.011906652939481144
-0.011864221062346756
-0.011818795327931389
-0.011770238117246656
-0.011718408718742641
-0.011663163328307889
-0.011604355049269406
-0.011541833892392661
-0.011475446775881587
-0.011405037525378582
-0.01133044687396451
-0.011251512462158688
-0.011168068837918906
-0.011079947456641417
-0.010986976681160932
-0.010888981781750625
-0.010785784936122141
-0.010677205229425583
-0.010563058654249512
-0.010443158110620967
-0.010317313406005434
-0.010185331255306872
-0.010047015280867704
-0.009902166012468808
-0.009750580887329535
-0.009592054250107692
-0.009426377352899553
-0.009253338355239856
-0.009072722324101801
-0.008884311233897048
-0.008687883966475728
-0.008483216311126425
-0.008270080964576198
-0.008048247530990557
-0.007817482521973488
-0.007577549356567431
-0.007328208361253292
-0.0070692167699504425
-0.0068003287240167125
-0.006521295272248401
-0.006231864370880264
-0.005931780883585529
-0.00562078658147588
-0.005298620143101465
-0.004965017154450899
-0.004619710108951254
-0.004262428407468077
-0.003892898358305364
-0.0035108431772055827
-0.0031159829873496627
-0.0027080348193569965
-0.0022867126112854404
-0.0018517272086313128
-0.001402786364329399
-0.0009395947387529397
-0.00046185389971364785
3.0737677538304826e-5
0.0005384846103142811
0.0010616946084871881
0.0016006784744914554
0.0021557501033230616
0.002727226482539516
0.0033154276922598685
0.003920676905164704
0.004543300386496141
0.005183627494057837
0.00584199067821499
0.006518725481894325
0.007214170540584118
0.007928667582334169
0.00866256142775582
0.009416199990021948
0.010189934274866965
0.010984118380586832
0.011799109498039027
0.012635267910642576
0.013492956994378046
0.014372543217787529
0.01527439614197467
0.01619888842060463
0.017146395799904117
0.018117297118661387
0.019111974308226205
0.0201308123925099
0.021174199487985334
0.02224252680368688
0.02333618864121048
0.02445558239471359
0.025601108550915224
0.026773170689095908
0.027972175481097733
0.02919853269132429
0.030452655176740742
0.03173495888687377
0.0330458628638116
0.034385789242203986
0.035755163249262215
0.03715441320475913
0.038583970521029104
0.040044269702968024
0.04153574834803335
0.04305884714624407
0.044614009880180674
0.04620168342498521
0.0478223177483613
0.04947636591057404
0.05116428406445011
0.052886531455377694
0.05464357042130655
0.056435866392747926
0.05826388789277463
0.060128106537021025
0.062028997033682996
0.06396703718351794
0.06594270787984484
0.06795649310854417
0.07000887994805796
0.07210035856938976
0.07423142223610472
0.07640256730432946
0.0786142932227521
0.08086710253262243
0.08316150086775168
0.08549799695451261
0.08787710261183955
0.09029933275122838
0.09276520537673648
0.09527524158498278
0.09782996556514775
0.10042990459897341
0.10307558906076329
0.10576755241738248
0.10850633122825756
0.11129246514537677
0.11412649691328967
0.11700897236910761
0.11994044044250332
0.12292145315571101
0.12595256562352666
0.12903433605330752
0.13216732574497259
0.13535209909100224
0.1385892235764385
0.1418792697788849
0.14522281136850648
0.1486204251080298
0.15207269085274303
0.15558019155049585
0.1591435132416994
0.16276324505932646
0.16643997922891132
0.1701743110685498
0.17396683898889923
0.17781816449317847
0.18172889217716798
0.18569962972920973
0.18973098793020715
0.19382358065362534
0.197978024865491
0.20219494062439186
0.20647495108147793
0.21081868248046012
0.21522676415761147
0.21969982854176584
0.2242385111543194
0.2288434506092291
0.23351528861301427
0.23825466996475475
0.24306224255609302
0.2479386573712321
0.2528845684869374
0.2579006330725351
0.2629875113899136
0.26814586679352226
0.2733763657303725
0.27867967774003666
0.2840564754546494
0.28950743459890604
0.29503323399006437
0.3006345555379427
0.306312084244922
0.31206650820594356
0.3178985186085113
0.32380880973268994
0.32979807895110635
0.335867026728948
0.3420163566239651
0.3482467752864683
0.35455899245933076
0.36095372097798617
0.36743167677043076
0.3739935788572213
0.3806401493514771
0.38737211345887806
0.39419019947766665
0.40109513879864556
0.4080876659051806
0.4151685183731973
0.4223384368711847
0.42959816516019156
0.43694845009382965
0.4443900416182709
0.4519236927722502
0.4595501596870627
0.4672702015865663
0.475084580787179
0.4829940626978818
0.4909994158202161
0.4991014117482858
0.5073008251687553
0.5155984338608516
0.5239950186963622
0.5324913636396371
0.5410882557475869
0.5497864851696849
0.5585868451479645
0.5674901320170221
0.5764971452040143
0.5856086872286606
0.5948255637032405
0.6041485833325966
0.6135785579141314
0.6231163023378109
0.6327626345861606
0.6425183757342692
0.6523843499497854
0.6623613844929215
0.6724503097164487
0.6826519590657024
0.6929671690785771
0.7033967793855312
0.7139416327095826
0.7246025748663117
0.7353804547638606
0.7462761244029326
0.7572904388767923
0.7684242563712668
0.7796784381647429
0.7910538486281715
0.8025513552250625
0.8141718285114894
0.8259161421360852
0.8377851728400469
0.8497798004571305
0.8619009079136559
0.8741493812285019
0.8865261095131117
0.8990319849714876
0.9116679029001952
0.9244347616883601
0.9373334628176715
0.9503649108623776
0.9635300134892906
0.9768296814577815
0.9902648286197863
1.0038363719197987
1.0175452313948774
1.03139233017464
1.0453785944812677
1.0595049536295016
1.0737723400266457
1.0881816891725635
1.1027339396596831
1.117430033172991
1.1322709144900378
1.1472575314809332
1.1623908351083514
1.1776717794275247
1.1931013215862503
1.208680421824884
1.2244100434763456
1.2402911529661143
1.2563247198122327
1.2725117166253035
1.2888531191084922
1.3053499060575242
1.3220030593606884
1.3388135639988332
1.3557824080453706
1.3729105826662724
1.3901990821200738
1.407648903757868
1.4252610480233145
1.4430365184526306
1.460976321674598
1.479081467410556
1.4973529684744102
1.5157918407726236
1.5343991033042244
1.5531757781607984
1.572122890526497
1.5912414686780294
1.6105325439846703
1.629997150908251
1.6496363270031689
1.6694511129163803
1.6894425523874048
1.7096116922483213
1.7299595824237723
1.7504872759309609
1.7711958288796523
1.7920863004721714
1.8131597530034076
1.8344172518608095
1.8558598655243888
1.8774886655667165
1.8993047266529282
1.921309126540718
1.9435029460803446
1.9658872692146254
1.9884631829789408
2.011231777501232
2.0341941460020037
2.0573513847943183
2.0807045932838055
2.10425487396865
2.1280033324396026
2.151951077379973
2.1760992205656358
2.2004488768650234
2.2250011642391323
2.249757203741517
2.2747181195183
2.2998850388081578
2.325259091942335
2.3508414123446326
2.3766331365314173
2.4026354041116127
2.42884935778671
2.4552761433507553
2.4819169096903617
2.5087728087847
2.535844995705506
2.5631346286170733
2.590642868776261
2.6183708805324852
2.6463198313277285
2.67449089169653
2.702885235265996
2.731504038755787
2.760348481978134
2.78941974783782
2.8187190223321994
2.8482474945511784
2.8780063566772327
2.907996803985394
2.938220034843259
2.9686772507109844
2.99936965614129
3.030298458779453
3.0614648693633173
3.0928701017232845
3.124515372782322
3.1564019025559524
3.188530914152267
3.2209036337719112
3.2535212907081004
