Taxes(0.7305, 0.21562, 0.85, 0.008193129366801187, 0.352)
400
-0.012327225693121528
-0.01232722556447313
-0.012327223634747177
-0.01232721527260138
-0.012327192759131925
-0.012327145287873471
-0.012327058964799159
-0.0123269168083206
-0.012326698749287872
-0.012326381630989541
-0.01232593920915264
-0.012325342151942684
-0.012324558039963648
-0.012323551366257993
-0.012322283536306657
-0.012320712868029046
-0.01231879459178304
-0.012316480850365002
-0.012313720699009757
-0.012310460105390617
-0.012306641949619362
-0.01230220602424625
-0.012297089034260009
-0.012291224597087844
-0.01228454324259544
-0.012276972413086947
-0.012268436463304997
-0.012258856660430693
-0.012248151184083613
-0.012236235126321814
-0.01222302049164182
-0.01220841619697864
-0.012192328071705743
-0.01217465885763509
-0.012155308209017102
-0.012134172692540683
-0.012111145787333208
-0.01208611788496053
-0.012058976289426974
-0.012029605217175339
-0.0119978857970869
-0.011963696070481408
-0.011926910991117088
-0.011887402425190638
-0.011845039151337229
-0.011799686860630517
-0.011751208156582614
-0.011699462555144126
-0.011644306484704124
-0.011585593286090155
-0.011523173212568238
-0.011456893429842872
-0.011386598016057028
-0.011312127961792153
-0.011233321170068164
-0.011150012456343457
-0.011062033548514904
-0.010969213086917848
-0.010871376624326107
-0.01076834662595198
-0.010659942469446229
-0.010545980444898097
-0.01042627375483531
-0.010300632514224053
-0.010168863750468994
-0.01003077140341328
-0.009886156325338522
-0.009734816280964812
-0.009576545947450719
-0.00941113691439328
-0.009238377683828012
-0.009058053670228907
-0.008869947200508425
-0.008673837514017511
-0.008469500762545573
-0.008256710010320504
-0.008035235234008663
-0.007804843322714893
-0.007565298077982505
-0.0073163602137932835
-0.0070577873565674945
-0.006789334045163871
-0.006510751730879628
-0.0062217887774504484
-0.0059221904610504954
-0.005611698970292404
-0.005290053406227282
-0.004956989782344717
-0.004612241024572766
-0.004255536971277967
-0.0038866043732653237
-0.003505166893778322
-0.00311094510849892
-0.0027036565055475496
-0.00228301548548312
-0.0018487333613030116
-0.001400518358443084
-0.0009380756147776643
-0.000461107180619562
3.068798127994274e-5
0.0005376139957310929
0.0010599780751056644
0.0015980905193369443
0.0021522647159197576
0.0027228171399104476
0.003310067353926888
0.0039143380081484765
0.004535954840316131
0.005175246675732299
0.0058325454272609555
0.006508186095327594
0.007202506767919243
0.007915848620584448
0.008648555916433284
0.009400976006137348
0.010173459327929762
0.010966359407605184
0.01178003285851978
0.012614839381591253
0.013471141765298832
0.014349305885683264
0.015249700706346835
0.016172698278453333
0.017118673740728087
0.01808800531945796
0.019081074328491317
0.02009826516923807
0.021139965330669645
0.022206565389318988
0.023298459009280587
0.02441604294221044
0.02555971702732609
0.02672988419140657
0.02792695044879248
0.029151324901385913
0.030403419738650506
0.03168365023761142
0.03299243476285533
0.03433019476653043
0.03569735478834647
0.037094342455574705
0.03852158848304791
0.0399795266731604
0.041468593915868004
0.042989230188688096
0.04454187855669954
0.046126985172542746
0.04774499927641967
0.04939637319609375
0.05108156234688998
0.052801025231694866
0.05455522344095646
0.0563446216526843
0.05816968763244948
0.06003089223338462
0.061928709396183855
0.06386361614910285
0.06583609260795878
0.06784662197613038
0.06989569054455787
0.071983787691743
0.0741114058837491
0.07627904067420098
0.07848719070428492
0.08073635770274885
0.08302704648590216
0.08535976495761573
0.087735024109322
0.09015333802001499
0.09261522385625012
0.09512120187214446
0.09767179540937652
0.10026753089718639
0.10290893785237566
0.10559654887930743
0.10833089966990636
0.11111252900365866
0.11394197874761192
0.11681979385637545
0.11974652237212
0.12272271542457773
0.12574892723104258
0.12882571509636975
0.1319536394129762
0.1351332636608402
0.1383651544075017
0.1416498813080621
0.1449880171051844
0.148380137629093
0.15182682179757392
0.15532865161597473
0.15888621217720442
0.16250009166173357
0.1661708813375943
0.16989917556038028
0.1736855717732466
0.17753067050690993
0.18143507537964845
0.185399393097302
0.1894242334532717
0.1935102093285204
0.19765793669157253
0.20186803459851355
0.20614112519299116
0.210477833706214
0.2148787884569528
0.21934462085153902
0.2238759653838666
0.22847345963539006
0.23313774427512643
0.23786946305965312
0.2426692628331103
0.24753779352719854
0.25247570816118087
0.257483662841881
0.262562316763685
0.2677123322085397
0.27293437454595415
0.27822911223299823
0.283597216814304
0.2890393629220644
0.2945562282760347
0.3001484936835308
0.30581684303943096
0.3115619633261741
0.3173845446137616
0.32328528005975543
0.3292648659092801
0.33532400149502045
0.34146338923722414
0.3476837346436991
0.353985746309816
0.36037013591850586
0.3668376182402623
0.3733889111331394
0.3800247355427539
0.38674581550228293
0.3935528781324664
0.4004466536416042
0.4074278753255595
0.4144972795677551
0.4216556058391774
0.42890359669837225
0.4362419977914488
0.44367155785207624
0.4511930287014866
0.4588071652484723
0.46651472548938844
0.4743164705081503
0.48221316447623597
0.490205574652684
0.4982944713840955
0.506480628104632
0.5147648213360178
0.5231478306875372
0.5316304388560377
0.5402134316259267
0.5488975978691748
0.5576837295453123
0.5665726217014329
0.57556507247219
0.5846618830798003
0.5938638578340403
0.6031718041322498
0.612586532459328
0.6221088563877382
0.6317395925775027
0.6414795607762072
0.6513295838189975
0.6612904876285827
0.671363101215231
0.6815482566767749
0.6918467891986055
0.7022595370536785
0.7127873416025081
0.7234310472931725
0.7341915016613098
0.7450695553301208
0.7560660620103664
0.767181878500371
0.7784178646860181
0.7897748835407554
0.8012538011255895
0.8128554865890909
0.8245808121673892
0.8364306531841784
0.848405888050711
0.8605073982658038
0.8727360684158324
0.8850927861747367
0.8975784423040156
0.9101939306527316
0.9229401481575068
0.9358179948425271
0.9488283738195376
0.961972191287847
0.9752503565343229
0.9886637819333979
1.0022133829470625
1.0159000781248722
1.0297247891039407
1.0436884406089464
1.0577919604521262
1.0720362795332812
1.0864223318397717
1.1009510544465217
1.1156233875160146
1.1304402742982975
1.1454026611309769
1.1605114974392228
1.1757677357357645
1.1911723316208958
1.2067262437824684
1.2224304339958993
1.2382858671241634
1.2542935111178004
1.2704543370149088
1.286769318941151
1.3032394341097489
1.3198656628214873
1.336648988464711
1.353590397515329
1.3706908795368085
1.3879514271801818
1.4053730361840386
1.4229567053745338
1.4407034366653817
1.4586142350578601
1.4766901086408049
1.4949320685906176
1.5133411291712573
1.5319183077342489
1.5506646247186744
1.569581103651181
1.5886687711459748
1.6079286569048261
1.6273617937170626
1.646969217459578
1.6667519670968247
1.6867110846808184
1.7068476153511343
1.7271626073349107
1.7476571119468471
1.7683321835892052
1.7891888797518054
1.8102282610120333
1.8314513910348336
1.8528593365727142
1.874453167465742
1.896233956641549
1.918202780115325
1.9403607169898247
1.9627088494553617
1.9852482627898123
2.0079800453586136
2.030905288614767
2.05402508709883
2.077340538438928
2.1008527433507425
2.1245628056375203
2.1484718321900664
2.172580932986752
2.1968912210935043
2.2214038126638163
2.246119826938739
2.27104038624689
2.296166616004442
2.321499644715135
2.347040603970266
2.3727906284486977
2.39875085591685
2.424922427228709
2.451306486325817
2.477904180237283
2.504716659079773
2.5317450760575193
2.5589905874623105
2.586454352673502
2.6141375341580058
2.6420412974703
2.6701668112524186
2.698515247233964
2.7270877802320936
2.7558855881515325
2.78490985198456
2.8141617558110257
2.8436424867983323
2.8733532352014506
2.9032951943629075
2.9334695607127963
2.9638775337687684
2.994520316136039
3.025399113507382
3.0565151346631363
3.0878695914711987
3.119463698887032
3.151298674953655
3.1833757408016536
3.21569612064917
3.248261041801914
