Taxes(0.7305, 0.17812, 0.85, 0.042552789222123966, 0.352)
400
-0.011814823901909861
-0.01181482377860895
-0.01181482192909529
-0.011814813914536095
-0.01181479233687672
-0.011814746838840666
-0.011814664103929581
-0.011814527856423247
-0.01181431886137959
-0.011814014924634686
-0.011813590892802752
-0.011813018653276145
-0.011812267134225361
-0.011811302304599047
-0.01181008717412399
-0.011808581793305122
-0.011806743253425511
-0.011804525686546377
-0.011801880265507072
-0.011798755203925104
-0.011795095756196115
-0.011790844217493891
-0.011785939923770365
-0.011780319251755607
-0.011773915618957836
-0.011766659483663408
-0.011758478344936828
-0.01174929674262074
-0.01173903625733593
-0.011727615510481331
-0.011714950164234015
-0.011700952921549202
-0.011685533526160247
-0.011668598762578655
-0.011650052456094073
-0.011629795472774287
-0.011607725719465228
-0.011583738143790972
-0.011557724734153736
-0.01152957451973388
-0.011499173570489905
-0.01146640499715846
-0.011431148951254333
-0.011393282625070455
-0.011352680251677903
-0.011309213104925893
-0.011262749499441784
-0.011213154790631084
-0.011160291374677438
-0.011104018688542636
-0.011044193209966607
-0.01098066845746743
-0.010913294990341322
-0.010841920408662645
-0.010766389353283903
-0.010686543505835741
-0.010602221588726955
-0.010513259365144472
-0.010419489639053368
-0.010320742255196868
-0.01021684409909633
-0.010107619097051256
-0.009992888216139298
-0.009872469464216245
-0.00974617788991603
-0.009613825582650733
-0.009475221672610569
-0.009330172330763902
-0.009178480768857238
-0.009019947239415224
-0.008854369035740654
-0.00868154049191446
-0.008501252982795719
-0.008313294924021653
-0.008117451772007622
-0.007913506023947135
-0.007701237217811838
-0.007480421932351525
-0.00725083378709413
-0.00701224344234573
-0.006764418599190547
-0.006507123999490944
-0.006240121425887427
-0.005963169701798645
-0.005676024691421392
-0.005378439299730604
-0.005070163472479356
-0.004750944196198871
-0.004420525498198513
-0.00407864844656579
-0.003725051150166351
-0.0033594687586439888
-0.002981633462420639
-0.0025912744926963813
-0.002188118121449437
-0.0017718876614361706
-0.001342303466191092
-0.0008990829300268474
-0.0004419404880342334
2.9412383917813897e-5
0.0005152671691822137
0.0010159183103337498
0.001531663209169049
0.0020628022267066073
0.002609638683186772
0.0031724788580717506
0.0037516319900456076
0.004347410277014259
0.004960128876105484
0.005590105903668917
0.006237662435276046
0.0069031225057202255
0.007586813109016657
0.008289064198402404
0.009010208686336384
0.009750582444499374
0.010510524303794013
0.011290376054344782
0.012090482445498034
0.012911191185821975
0.013752852943106663
0.01461582134436403
0.015500452975827831
0.016407107382953715
0.017336147070419167
0.018287937502123527
0.019262847101188012
0.020261247249955677
0.021283512289991438
0.022330019522082075
0.023401149206236215
0.024497284561684356
0.025618811766878836
0.02676611995949387
0.027939601236425502
0.029139650653791663
0.030366666226932123
0.03162104893040853
0.032903202698004334
0.03421353442272491
0.03555245395679746
0.03692037411167104
0.038317710658016556
0.03974488232572681
0.04120231080391641
0.04269042074092186
0.04420963974430148
0.0457603983808355
0.04734313017652597
0.048958271616596806
0.05060626214549377
0.052287544166884525
0.054002563043658525
0.05575176709792712
0.057535607611023526
0.0593545388235028
0.06120901793514185
0.06309950510493945
0.06502646345111623
0.06699035905111471
0.06899166094159917
0.07103084111845585
0.07310837453679282
0.07522473911093996
0.07738041571444909
0.07957588818009381
0.0818116432998696
0.0840881708249938
0.08640596346590565
0.08876551689226617
0.09116732973295827
0.09361190357608676
0.09609974296897823
0.0986313554181812
0.10120725138946599
0.1038279443078248
0.10649395055747173
0.1092057894818426
0.11196398338359528
0.11476905752460938
0.1176215401259863
0.1205219623680495
0.12347085839034411
0.12646876529163723
0.1295162231299177
0.13261377492239637
0.13576196664550583
0.13896134723490058
0.14221246858545694
0.14551588555127312
0.1488721559456692
0.15228184054118704
0.15574550306959045
0.15926371022186508
0.16283703164821836
0.16646603995807965
0.1701513107201002
0.17389342246215297
0.17769295667133295
0.18155049779395685
0.18546663323556334
0.18944195336091305
0.19347705149398792
0.19757252391799254
0.20172896987535271
0.20594699156771662
0.21022719415595365
0.21457018576015582
0.21897657745963628
0.22344698329293075
0.22798202025779593
0.23258230831121143
0.23724847036937766
0.24198113230771778
0.2467809229608761
0.2516484741227194
0.2565844205463357
0.2615893999440355
0.2666640529873506
0.2718090233070352
0.27702495749306466
0.28231250509463707
0.28767231862017156
0.29310505353730976
0.29861136827291446
0.3041919242130712
0.3098473857030864
0.3155784200474893
0.3213856975100301
0.3272698913136816
0.3332316776406379
0.33927173563231555
0.3453907473893521
0.351589397971608
0.35786837539816446
0.3642283706473256
0.37067007765661647
0.377194193322785
0.3838014175017995
0.39049245300885205
0.39726800561835457
0.40412878406394276
0.4110755000384724
0.41810886819402265
0.42522960614189326
0.432438434452607
0.43973607665590736
0.4471232592407608
0.4546007116553546
0.46216916630709876
0.46982935856262437
0.47758202674778527
0.4854279121476561
0.4933677590065345
0.5014023145279388
0.5095323288746102
0.5177585551685109
0.526081749490826
0.5345026708819611
0.5430220813415452
0.5516407458284274
0.5603594322606805
0.5691789115155976
0.578099957429695
0.5871233467987093
0.5962498593776008
0.6054802778805498
0.6148153879809601
0.624255978311456
0.6338028404638849
0.6434567689893145
0.6532185613980365
0.6630890181595619
0.6730689427026262
0.6831591414151843
0.6933604236444149
0.7036736016967172
0.7140994908377135
0.7246389092922465
0.7352926782443824
0.7460616218374073
0.7569465671738314
0.7679483443153846
0.7790677862830205
0.7903057290569129
0.8016630115764593
0.8131404757402768
0.824738966406207
0.8364593313913106
0.8483024214718725
0.8602690903833977
0.8723601948206144
0.8845765944374716
0.8969191518471413
0.9093887326220159
0.9219862052937116
0.9347124413530635
0.9475683152501322
0.9605547043941968
0.9736724891537611
0.9869225528565483
1.0003057817895056
1.0138230651988003
1.027475295289823
1.0412633672271843
1.055188179134719
1.0692506320954818
1.083451630151751
1.0977920803050243
1.1122728925160243
1.1268949797046928
1.1416592577501952
1.1565666454909176
1.1716180647244692
1.1868144402076792
1.202156699656601
1.2176457737465078
1.2332825961118963
1.2490681033464832
1.2650032350032092
1.2810889335942346
1.297326144590944
1.3137158164239415
1.3302589004830558
1.3469563511173333
1.3638091256350466
1.3808181843036875
1.3979844903499716
1.4153090099598336
1.4327927122784332
1.4504365694101489
1.4682415564185842
1.4862086513265613
1.5043388351161275
1.5226330917285487
1.541092408064316
1.5597177739831383
1.5785101823039505
1.5974706288049063
1.616600112223384
1.6358996342559804
1.655370199558517
1.675012815746036
1.6948284933928022
1.7148182460322998
1.7349830901572385
1.755324045219547
1.7758421336303782
1.7965383807601039
1.8174138149383208
1.8384694674538449
1.8597063725547167
1.8811255674481957
1.9027280923007655
1.9245149902381298
1.9464873073452165
1.9686460926661722
1.9909923982043696
2.013527278922398
2.036251792742073
2.0591670005444285
2.0822739661697254
2.1055737564174404
2.129067441046276
2.1527560927741534
2.1766407872782216
2.2007226031948433
2.22500262211961
2.2494819286073313
2.2741616101720403
2.2990427572869896
2.3241264633846583
2.3494138248567413
2.374905941054161
2.400603914287057
2.426508849824795
2.4526218558959587
2.478944043688357
2.505476527349018
2.5322204239841937
2.559176853659355
2.586346939399199
2.6137318071876408
2.6413325859678203
2.6691504076420953
2.6971864070720515
2.7254417220784894
2.7539174934414374
2.782614864900142
2.8115349831530736
2.8406789978579225
2.8700480616316044
2.8996433300502513
2.929465961649223
2.9595171179230957
2.9897979633256733
3.0203096652699752
3.0510533941282487
3.0820303232319577
3.1132416288717932
