Taxes(0.7305, 0.17031, 0.85, 0.04925010238762207, 0.352)
400
-0.01170276543672545
-0.011702765314593994
-0.011702763482622166
-0.011702755544077579
-0.011702734171072917
-0.011702689104565943
-0.011702607154359498
-0.011702472199101492
-0.011702265186284911
-0.011701964132247819
-0.011701544122173354
-0.011700977310089728
-0.011700232918870226
-0.011699277240233211
-0.01169807363474212
-0.011696582531805468
-0.011694761429676839
-0.011692564895454897
-0.011689944565083375
-0.011686849143351089
-0.011683224403891926
-0.011679013189184847
-0.011674155410553888
-0.011668588048168161
-0.011662245151041854
-0.01165505783703423
-0.011646954292849622
-0.011637859774037446
-0.011627696604992185
-0.011616384178953403
-0.011603838958005734
-0.011589974473078895
-0.011574701323947665
-0.011557927179231913
-0.011539556776396573
-0.011519491921751656
-0.011497631490452248
-0.01147387142649851
-0.01144810474273568
-0.011420221520854071
-0.011390108911389064
-0.011357651133721126
-0.011322729476075792
-0.011285222295523669
-0.01124500501798045
-0.01120195013820689
-0.011155927219808829
-0.011106802895237178
-0.011054440865787921
-0.010998701901602124
-0.010939443841665918
-0.010876521593810513
-0.010809787134712201
-0.01073908950989234
-0.010664274833717364
-0.010585186289398786
-0.010501664128993194
-0.010413545673402245
-0.010320665312372676
-0.0102228545044963
-0.010119941777210002
-0.010011752726795739
-0.009898110018380552
-0.009778833385936549
-0.009653739632280917
-0.009522642629075916
-0.009385353316828882
-0.009241679704892224
-0.009091426871463429
-0.008934396963585056
-0.008770389197144745
-0.008599199856875203
-0.008420622296354215
-0.008234446938004644
-0.00804046127309442
-0.007838449861736561
-0.007628194332889146
-0.00740947338435534
-0.007182062782783377
-0.006945735363666564
-0.006700261031343291
-0.0064454067589970136
-0.006180936588656272
-0.005906611631194671
-0.0056221900663309
-0.005327427142628718
-0.00502207517749696
-0.004705883557189535
-0.004378598736805428
-0.004039964240288703
-0.0036897206604284897
-0.003327605658859
-0.0029533539660595185
-0.0025666973813544057
-0.0021673647729130966
-0.0017550820777501
-0.0013295723017250033
-0.000890555519542462
-0.000437748874752214
2.913342025093164e-5
0.0005103800842270887
0.0010062827670913035
0.0015171360499135337
0.0020432374449186738
0.0025848873954865373
0.003142389276151867
0.003716049392604329
0.004306176981688511
0.004913084211403929
0.005537086180905025
0.006178500920501162
0.006837649391656635
0.007514855486990657
0.008210446030277369
0.008924750776445835
0.009658102411580048
0.010410836552918926
0.011183291748856303
0.011975809478940946
0.012788734153876553
0.013622413115521733
0.014477196636890037
0.015353437922149915
0.016251493106624767
0.017171721256792914
0.018114484370287585
0.019080147375896958
0.02006907813356412
0.021081647434387077
0.022118229000618782
0.023179199485667094
0.02426493847409482
0.02537582848161965
0.026512254955114254
0.027674606272606175
0.028863273743277913
0.03007865160746689
0.03132113703666545
0.032591130133520836
0.033889033931835254
0.03521525439656583
0.03657020042382459
0.037954283840878504
0.039367919406149476
0.040811524809214315
0.04228552067080476
0.04379033054280747
0.045326380908264054
0.046894101181371016
0.048493923707479805
0.05012628376309678
0.051791619555883246
0.05349037222465541
0.0552229858393844
0.056989907401196305
0.058791586842372116
0.060628477026347743
0.06250103374771403
0.06440971573221672
0.06635498463675656
0.0683373050493891
0.07035714448932495
0.07241497340692954
0.07451126518372324
0.0766464961323814
0.07882114549673429
0.08103569545176702
0.08329063110361969
0.08558644048958736
0.08792361457811991
0.09030264726882227
0.09272403539245419
0.0951882787109304
0.09769587991732055
0.1002473446358492
0.10284318142189582
0.1054839017619949
0.10817002007383568
0.11090205370626251
0.11368052293927458
0.11650595098402591
0.11937886398282568
0.12229979100913776
0.1252692640675811
0.12828781809392945
0.1313559909551116
0.13447432344921126
0.13764335930546698
0.14086364518427222
0.14413573067717547
0.14746016830688016
0.15083751352724448
0.1542683247232817
0.15775316321115998
0.16129259323820236
0.16488718198288682
0.16853749955484634
0.17224411899486866
0.17600761627489667
0.17982857029802793
0.18370756289851517
0.187645178841766
0.1916420058243426
0.19569863447396268
0.1998156583494983
0.20399367394097698
0.20823328066958055
0.21253508088764644
0.21689967987866635
0.22132768585728763
0.22581970996931164
0.23037636629169567
0.23499827183255104
0.2396860465311447
0.24444031325789795
0.24926169781438753
0.2541508289333446
0.2591083382786558
0.26413486044536216
0.2692310329596601
0.27439749627890037
0.27963489379158946
0.2849438718173879
0.29032507960711207
0.2957791693427323
0.3013067961373747
0.30690861803531966
0.31258529601200313
0.3183374939740151
0.32416587875910163
0.3300711201361625
0.33605389080525355
0.3421148663975846
0.34825472547552105
0.3544741495325826
0.36077382299344474
0.36715443321393687
0.3736166704810445
0.3801612280129066
0.38678880195881865
0.3935000913992295
0.40029579834574447
0.40717662774112234
0.4141432874592781
0.4211964883052804
0.42833694401535416
0.43556537125687805
0.44288248962838667
0.4502890216595684
0.45778569281126774
0.46537323147548315
0.47305236897536884
0.48082383956523306
0.48868838043054
0.4966467316879076
0.50469963638511
0.512847840501075
0.5210920929458865
0.5294331455607822
0.537871753118156
0.5464086733215553
0.5550446668056838
0.5637804971363989
0.572616930810714
0.5815547372567962
0.5905946888339693
0.5997375608327098
0.6089841314746514
0.6183351819125805
0.6277914962304407
0.6373538614433284
0.6470230674974967
0.656799907270352
0.6666851765704573
0.6766796741375289
0.6867842016424394
0.696999563687215
0.7073265678050386
0.7177660244602458
0.7283187470483294
0.738985551895935
0.7497672582608651
0.7606646883320752
0.7716786672296777
0.7828100230049378
0.7940595866402781
0.8054281920492733
0.8169166760766561
0.8285258784983108
0.8402566420212798
0.8521098122837579
0.8640862378550968
0.8761867702358012
0.888412263857533
0.9007635760831066
0.9132415672064936
0.925847100452818
0.9385810419783618
0.9514442608705587
0.9644376291480001
0.9775620217604302
0.9908183165887501
1.0042073944450136
1.0177301390724318
1.0313874371453682
1.0451801782693437
1.0591092549810321
1.073175562748264
1.0873799999700227
1.1017234679764487
1.1162068710288355
1.1308311163196334
1.1455971139724457
1.1605057770420322
1.175558021514306
1.1907547663063376
1.2060969332663494
1.2215854471737215
1.2372212357389867
1.2530052296038345
1.2689383623411075
1.2850215704548056
1.3012557933800808
1.3176419734832434
1.3341810560617544
1.3508739893442336
1.3677217244904538
1.3847252155913436
1.4018854196689845
1.4192032966766164
1.4366798094986302
1.4543159239505756
1.4721126087791538
1.4900708356622236
1.5081915792087965
1.5264758169590418
1.5449245293842793
1.5635386998869885
1.5823193148008001
1.6012673633905032
1.620383837852038
1.6396697333125025
1.6591260478301486
1.6787537823943839
1.6985539409257682
1.7185275302760201
1.7386755602280104
1.7589990434957667
1.779498995724469
1.800176435490455
1.821032384301215
1.842067866595397
1.8632839097428002
1.8846815440443823
1.9062618027322529
1.9280257219696797
1.9499743408510817
1.9721087014020375
1.9944298485792749
2.0169388302706817
2.0396366972952964
2.062524503403317
2.0856033052760927
2.1088741625261296
2.1323381376970856
2.1559962962637798
2.179849706632179
2.2038994401394105
2.2281465710537534
2.252592176574643
2.2772373368326675
2.302083134889575
2.327130656738262
2.3523809913027853
2.377835230438353
2.403494468931331
2.429359804499237
2.4554323377907474
2.4817131723856893
2.5082034147950494
2.534904174460964
2.56181656375673
2.5889416979867934
2.6162806953867612
2.643834677123389
2.671604767294594
2.6995920929294415
2.727797783988158
2.7562229733621195
2.784868796873862
2.813736393277071
2.8428269042565932
2.8721414744284233
2.901681251339717
2.9314473854687804
2.9614410302250795
2.9916633419492284
3.022115479913003
3.0527986063193286
3.0837138863022915
