Taxes(0.7305, 0.16562, 0.85, 0.053206151175621205, 0.352)
400
-0.011634776678421697
-0.01163477655699978
-0.011634774735671033
-0.011634766843246469
-0.011634745594411093
-0.011634700789723932
-0.011634619315618013
-0.011634485144400367
-0.01163427933425203
-0.011633980029228047
-0.011633562459257469
-0.011632998940143352
-0.011632258873562756
-0.011631308747066745
-0.0116301121340804
-0.011628629693902794
-0.011626819171707013
-0.011624635398540152
-0.011622030291323299
-0.011618952852851564
-0.011615349171794052
-0.011611162422693878
-0.011606332865968162
-0.01160079784790803
-0.011594491800678614
-0.011587346242319049
-0.01157928977674248
-0.011570248093736059
-0.011560143968960936
-0.011548897263952277
-0.011536424926119244
-0.011522640988745015
-0.011507456570986762
-0.011490779877875676
-0.011472516200316944
-0.011452567915089761
-0.011430834484847332
-0.011407212458116862
-0.011381595469299566
-0.011353874238670663
-0.011323936572379378
-0.011291667362448942
-0.011256948586776595
-0.011219659309133576
-0.011179675679165137
-0.011136870932390531
-0.011091115390203016
-0.011042276459869863
-0.010990218634532343
-0.010934803493205733
-0.010875889700779314
-0.010813333008016382
-0.010746986251554227
-0.010676699353904156
-0.01060231932345147
-0.010523690254455485
-0.01044065332704952
-0.010353046807240904
-0.01026070604691096
-0.010163463483815029
-0.010061148641582453
-0.009953588129716579
-0.009840605643594765
-0.009722021964468365
-0.00959765495946275
-0.009467319581577288
-0.00933082786968536
-0.009187988948534346
-0.009038609028745637
-0.008882491406814628
-0.008719436465110721
-0.00854924167187732
-0.008371701581231841
-0.0081866078331657
-0.007993749153544321
-0.007792911354107136
-0.0075838773324675805
-0.007366427072113096
-0.007140337642405132
-0.0069053831985791386
-0.006661334981744579
-0.006407961318884916
-0.006145027622857623
-0.005872296392394174
-0.005589527212100056
-0.0052964767524547535
-0.004992898769811765
-0.004678544106398588
-0.004353160690316727
-0.004016493535541702
-0.0036682847419230234
-0.0033082734951842174
-0.002936196066922814
-0.0025517858146103484
-0.0021547731815923627
-0.0017448856970884033
-0.0013218479761920258
-0.0008853817198707848
-0.0004352057149662484
2.896416580601332e-5
0.0005074149638564224
0.0010004366347214021
0.001508322048063357
0.0020313669876706967
0.0025698701514578195
0.0031241331514651216
0.003694460513858993
0.0042811596789318115
0.004884541001101955
0.005504917748913797
0.006142606105037697
0.006797925166270022
0.00747119694353312
0.008162746361875339
0.00887290126047102
0.009601992392620499
0.01035035342575011
0.01111832094141217
0.011906234435284997
0.01271443631717291
0.013543271911006209
0.014393089454841206
0.01526424010086018
0.016157077915371427
0.017071959878809235
0.01800924588573387
0.018969298744831612
0.019952484178914726
0.020959170824921464
0.02198973023391609
0.02304453687108884
0.02412396811575597
0.025228404261359704
0.026358228515468284
0.02751382699977592
0.028695588750102842
0.02990390571639526
0.031139172762725386
0.032401787667291404
0.033692151122417524
0.035010666734553934
0.03635774102427681
0.03773378342628833
0.03913920628941668
0.04057442487661602
0.0420398573649665
0.04353592484567427
0.045063051324071506
0.04662166371961633
0.04821219186589288
0.049835068510611286
0.051490729315607685
0.05317961285684418
0.054902160624408884
0.05665881702251591
0.05845002936950538
0.06027624789784336
0.06213792575412195
0.06403551899905924
0.0659694866074993
0.06794029046841218
0.069948395384894
0.0719942690741668
0.07407838216757859
0.07620120821060349
0.0783632236628415
0.08056490789801866
0.08280674320398701
0.08508921478272458
0.08741281075033536
0.0897780221370494
0.09218534288722269
0.09463526985933723
0.09712830282600105
0.09966494447394807
0.10224570040403833
0.10487107913125782
0.10754159208471845
0.11025775360765823
0.11302008095744116
0.11582909430555709
0.11868531673762207
0.12158927425337798
0.12454149576669281
0.12754251310556045
0.13059286101210082
0.1336930771425599
0.13684370206730953
0.14004527927084764
0.14329835515179817
0.14660347902291102
0.14996120311106198
0.15337208255725304
0.15683667541661206
0.1603555426583929
0.1639292481659754
0.16755835873686548
0.17124344408269493
0.17498507682922168
0.17878383251632946
0.18264028959802822
0.18655502944245386
0.1905286363318679
0.19456169746265847
0.1986548029453392
0.20280854580455007
0.2070235219790566
0.21130033032175097
0.21563957259965058
0.22004185349389963
0.22450778059976742
0.2290379644266502
0.23363301839806935
0.23829355885167297
0.24302020503923444
0.24781357912665392
0.25267430619395675
0.257603014235295
0.26260033415894624
0.2676668997873143
0.2728033478569286
0.2780103180184454
0.28328845283664583
0.2886383977904381
0.2940608012728554
0.2995563145910579
0.3051255919663309
0.3107692905340865
0.3164880703438618
0.32228259435932105
0.32815352845825346
0.3341015414325751
0.3401273049883272
0.34623149374567785
0.35241478523892017
0.35867785991647433
0.36502140114088544
0.3714460951888257
0.377952631251092
0.3845417014326088
0.3912140007524248
0.39797022714371655
0.40481108145378475
0.4117372674440577
0.41874949179008836
0.42584846408155685
0.4330348968222683
0.4403095054301548
0.44767300823727324
0.4551261264898077
0.4626695843480674
0.4703041088864882
0.4780304300936313
0.4858492808721846
0.4937613970389611
0.5017675173249009
0.5098683833750689
0.5180647397486573
0.5263573339189829
0.5347469162734898
0.5432342401137469
0.5518200616554504
0.560505140028421
0.5692902372766069
0.5781761183580807
0.5871635511450429
0.596253306423818
0.6054461578948582
0.6147428821727402
0.6241442587861683
0.633651070177971
0.6432641017051046
0.6529841416386496
0.6628119811638146
0.6727484143799316
0.6827942383004612
0.692950252852988
0.7032172608792239
0.7135960681350059
0.7240874832902978
0.7346923179291883
0.7454113865498938
0.7562455065647544
0.7671954983002387
0.7782621849969387
0.7894463928095753
0.8007489508069923
0.8121706909721625
0.8237124482021818
0.8353750603082747
0.8471593680157895
0.8590662149642024
0.8710964477071138
0.8832509157122521
0.8955304713614696
0.9079359699507465
0.9204682696901868
0.9331282317040233
0.9459167200306116
0.9588346016224365
0.971882746346106
0.9850620269823566
0.9983733192260484
1.0118175016861697
1.0253954558858323
1.039108066262277
1.0529562201668676
1.0669408078650966
1.08106272253658
1.0953228602750624
1.1097221200884115
1.1242614038986238
1.1389416165418191
1.1537636657682462
1.1687284622422767
1.183836919542411
1.1990899541612732
1.2144884855056155
1.2300334358963143
1.245725730568373
1.2615662976709205
1.2775560682672127
1.2936959763346294
1.3099869587646797
1.3264299553629944
1.343025908849334
1.3597757648575832
1.376680471935754
1.3937409815459814
1.4109582480645309
1.4283332287817894
1.445866883902274
1.463560176544624
1.4814140727416079
1.4994295414401173
1.5176075545011734
1.5359490866999186
1.554455115725626
1.573126622181691
1.5919645895856387
1.610970004369116
1.630143855877899
1.6494871363718884
1.6690008410251123
1.6886859679257213
1.7085435180759965
1.7285744953923419
1.7487799067052894
1.7691607617594947
1.7897180732137419
1.8104528566409388
1.831366130528122
1.8524589162764507
1.873732238201213
1.8951871235318207
1.9168246024118143
1.938645707898857
1.9606514759647422
1.9828429454953838
2.005221158290827
2.0277871590652388
2.0505419954469164
2.073486717978279
2.096622380115874
2.1199500382303733
2.143470751606578
2.1671855824434103
2.1910955958539233
2.2152018598652927
2.239505445418822
2.2640074263699383
2.2887088794882
2.313610884457284
2.3387145238749993
2.364020883253278
2.3895310510181798
2.415246118509888
2.441167179982715
2.4672953326050964
2.4936316764595965
2.5201773145429014
2.546933352765829
2.5739008999533177
2.601081067844436
2.6284749710923743
2.6560837272644546
2.6839084568421185
2.7119502832209395
2.740210332710612
2.7686897345349606
2.797389620831932
2.826311126653604
2.855455389966173
2.8848235516499705
2.9144167554994445
2.9442361482231783
2.9742828794438725
3.0045581016983607
3.035062970437597
3.0657986440266676
