Taxes(0.7305, 0.15156, 0.85, 0.06475534807987803, 0.352)
400
-0.01144449243726885
-0.011444492317832762
-0.011444490526291451
-0.011444482762945771
-0.011444461861630477
-0.011444417789714226
-0.011444337648099582
-0.011444205671223008
-0.011444003227054867
-0.011443708817099432
-0.01144329807639487
-0.011442743773513259
-0.011442015810560568
-0.011441081223176677
-0.01143990418053537
-0.01143844598534433
-0.01143666507384514
-0.01143451701581329
-0.011431954514558166
-0.011428927406923065
-0.011425382663285183
-0.011421264387555616
-0.011416513817179364
-0.011411069323135329
-0.011404866409936319
-0.01139783771562904
-0.0113899130117941
-0.011381019203546014
-0.011371080329533196
-0.011360017561937965
-0.011347749206476538
-0.01133419070239904
-0.011319254622489491
-0.011302850673065825
-0.011284885693979868
-0.011265263658617353
-0.011243885673897912
-0.011220649980275084
-0.01119545195173631
-0.011168184095802927
-0.011138736053530185
-0.011106994599507227
-0.011072843641857105
-0.011036164222236767
-0.01099683451583707
-0.010954729831382772
-0.010909722611132525
-0.0108616824308789
-0.010810475999948353
-0.010755967161201257
-0.010698016891031874
-0.010636483299368381
-0.010571221629672847
-0.010502084258941254
-0.010428920697703476
-0.010351577590023293
-0.010269898713498394
-0.01018372497926036
-0.010092894431974682
-0.00999724224984075
-0.009896600744591859
-0.0097907993614952
-0.009679664679351876
-0.009563020410496887
-0.009440687400799133
-0.009312483629661424
-0.009178224210020465
-0.009037721388346867
-0.008890784544645144
-0.00873722019245371
-0.008576831978844884
-0.008409420684424886
-0.008234784223333838
-0.008052717643245767
-0.007863013125368598
-0.007665459984444162
-0.007459844668748191
-0.0072459507600903215
-0.007023558973814092
-0.006792447158796938
-0.006552390297450207
-0.00630316050571914
-0.0060445270330828854
-0.0057762562625544925
-0.005498111710680914
-0.005209854027543005
-0.004911240996755523
-0.0046020275354671245
-0.004281965694360373
-0.003950804657651736
-0.0036082907430915754
-0.003254167401964162
-0.002888175219087669
-0.0025100519128141686
-0.0021195323350296394
-0.0017163484711539589
-0.0013002294401409113
-0.000870901494478176
-0.00042808802018734276
2.8490463176100003e-5
0.0004991163025227596
0.0009840747112293481
0.0014836537691386618
0.001998144422559606
0.002527840484267178
0.0030730386335024755
0.0036340384159726942
0.004211142243851122
0.0048046553957771495
0.005414886016856264
0.006042145118660046
0.006686746579226183
0.007349007143058452
0.00802924642112673
0.008727786890866987
0.0094449538961813
0.01018107564743784
0.010936483221470868
0.01171151056158075
0.012506494477533952
0.01332177464556303
0.01415769360836665
0.015014596775109553
0.015892832421422597
0.016792751689402738
0.017714708587613013
0.018659059991082572
0.01962616564130666
0.020616388146246615
0.021630092980329873
0.022667648484449965
0.023729425865966536
0.02481579919870531
0.025927145422958115
0.027063844345482868
0.028226278639503607
0.029414833844710442
0.030629898367259604
0.03187186347977339
0.03314112332134021
0.0344380748975146
0.03576311808031715
0.037116655608234565
0.03849909308621967
0.039910838985691345
0.04135230464453459
0.04282390426710049
0.04432605492420628
0.045859176553135206
0.047423691957636675
0.04902002680792617
0.050648609640685294
0.052309871859061705
0.054004247732669174
0.0557321743975876
0.05749409185636295
0.05929044297800729
0.061121673497998796
0.06298823201828173
0.06489057000726647
0.06682914179982945
0.06880440459731324
0.07081681846752652
0.07286684634474401
0.07495495402970659
0.0770816101896212
0.07924728635816088
0.08145245693546477
0.08369759918813813
0.08598319324925227
0.08830972211834466
0.09067767166141884
0.0930875306109444
0.09553979056585711
0.09803494599155876
0.1005734942199173
0.10315593544926678
0.10578277274440724
0.10845451203660499
0.11117166212359231
0.11393473466956755
0.11674424420519532
0.11960070812760616
0.12250464670039682
0.12545658305363006
0.1284570431838348
0.13150655595400607
0.1346056530936049
0.13775486919855853
0.1409547417312602
0.1442058110205694
0.14750862026181152
0.15086371551677819
0.15427164571372706
0.15773296264738193
0.16124822097893268
0.16481797823603528
0.16844279481281174
0.17212323396985035
0.17585986183420527
0.17965324739939692
0.18350396252541185
0.18741258193870233
0.19137968323218732
0.19540584686525134
0.19949165616374553
0.20363769731998646
0.20784455939275756
0.2121128343073076
0.21644311685535225
0.22083600469507236
0.22529209835111588
0.22981200121459586
0.23439631954309234
0.2390456624606507
0.2437606419577831
0.24854187289146715
0.25338997298514715
0.25830556282873296
0.2632892658786011
0.2683417084575935
0.273463519755019
0.2786553318266517
0.28391777959473263
0.28925150084796797
0.29465713624153106
0.30013532929706044
0.30568672640266137
0.31131197681290457
0.31701173264882765
0.32278664889793357
0.328637383414192
0.3345645969180382
0.340568952996374
0.34665111810256666
0.35281176155645044
0.3590515555443248
0.36537117511895617
0.371771298199576
0.3782526055718832
0.38481578088804125
0.39146151066668133
0.39819048429289916
0.40500339401825786
0.4119009349607856
0.41888380510497764
0.4259527053017943
0.4331083392686631
0.44035141358947655
0.4476826377145942
0.45510272396084095
0.4626123875115085
0.4702123464163539
0.47790332159160115
0.4856860368199393
0.49356121875052467
0.5015295968989786
0.5095919036473895
0.5177488742443107
0.5260012468047631
0.5343497623102322
0.542795164608671
0.5513382004144973
0.5599796193085963
0.5687201737383176
0.5775606190174791
0.5865017133263626
0.5955442177117177
0.6046888960867587
0.6139365152311675
0.6232878447910905
0.6327436572791417
0.6423047280743999
0.6519718354224112
0.6617457604351864
0.6716272870912039
0.6816172022354069
0.6917162955792059
0.7019253597004762
0.7122451900435606
0.7226765849192663
0.7332203455048688
0.7438772758441072
0.754648182847189
0.7655338762907858
0.7765351688180375
0.7876528759385474
0.7988878160283879
0.8102408103300942
0.8217126829526711
0.8333042608715863
0.8450163739287759
0.8568498548326406
0.8688055391580489
0.8808842653463331
0.8930868747052941
0.9054142114091961
0.9178671224987724
0.9304464578812196
0.943153070330203
0.9559878154858515
0.9689515518547626
0.9820451408099975
0.9952694465910854
1.00862533630402
1.0221136799212627
1.0357353502817395
1.0494912230908442
1.0633821769204344
1.0774090932088363
1.09157285626084
1.1058743532477036
1.1203144742071494
1.134894112043368
1.1496141625270135
1.1644755242952087
1.1794790988515405
1.1946257905660633
1.2099165066752964
1.2253521572822261
1.240933655356304
1.256661916733449
1.2725378601160446
1.2885624070729427
1.3047364820394574
1.3210610123173727
1.337536928074937
1.3541651623468658
1.3709466510343382
1.3878823329050032
1.4049731495929718
1.422220045598825
1.4396239682896066
1.4571858678988292
1.4749066975264689
1.492787413138971
1.5108289735692426
1.529032340516662
1.547398478547069
1.5659283550927734
1.5846229404525476
1.6034832077916323
1.622510133141734
1.6417046954010255
1.6610678763341433
1.6806006605721935
1.7003040356127463
1.7201789918198391
1.740226522423973
1.7604476235221187
1.7808432940777097
1.8014145359206486
1.8221623537473015
1.843087755120502
1.8641917504695489
1.885475353090209
1.9069395791447123
1.9285854476617588
1.9504139805365095
1.9724262025305963
1.9946231412721134
2.017005827255625
2.039575293842158
2.062332577259207
2.085278716600731
2.1084147538271596
2.1317417337653817
2.1552607041087586
2.178972715417114
2.2028788211167387
2.2269800775003894
2.2512775437272907
2.2757722818231296
2.3004653566800632
2.3253578360567113
2.3504507905781624
2.375745293735969
2.4012424218881523
2.4269432542591964
2.452848872940055
2.4789603628881434
2.505278811927348
2.5318053107480174
2.5585409529069696
2.5854868348274835
2.6126440557993122
2.6400137179786656
2.6675969263882284
2.695394788917144
2.723408416321027
2.7516389222219555
2.7800874231084762
2.808755038335597
2.8376428901247985
2.866752103564021
2.8960838066076766
2.9256391300766387
2.95541920765825
2.985425175906317
3.015658174241116
