Taxes(0.7305, 0.21094, 0.85, 0.012684717522607043, 0.352)
400
-0.012268142070726228
-0.012268141942694433
-0.012268140022217535
-0.012268131700150982
-0.012268109294587179
-0.0122680620508555
-0.01226797614152229
-0.012267834666390847
-0.012267617652501436
-0.012267302054131292
-0.01226686175279461
-0.012266267557242548
-0.012265487203463227
-0.012264485354681734
-0.012263223601360127
-0.012261660461197416
-0.012259751379129581
-0.012257448727329569
-0.012254701805207283
-0.012251456839409598
-0.01224765698382035
-0.012243242319560341
-0.012238149854987335
-0.012232313525696058
-0.012225664194518204
-0.01221812965152243
-0.012209634614014357
-0.012200100726536569
-0.012189446560868615
-0.01217758761602701
-0.01216443631826523
-0.01214990202107372
-0.01213389100517988
-0.012116306478548083
-0.012097048576379664
-0.012076014361112917
-0.012053097822423108
-0.01202818987722246
-0.012001178369660165
-0.011971948071122378
-0.011940380680232216
-0.011906354822849763
-0.011869746052072066
-0.011830426848233136
-0.011788266618903946
-0.011743131698892437
-0.01169488535024351
-0.011643387762239037
-0.011588496051397845
-0.011530064261475735
-0.011467943363465459
-0.011401981255596745
-0.011332022763336282
-0.011257909639387723
-0.01117948056369168
-0.011096571143425734
-0.011009013913004434
-0.010916638334079286
-0.01081927079553876
-0.010716734613508298
-0.010608850031350297
-0.010495434219664122
-0.010376301276286106
-0.010251262226289538
-0.010120125021984677
-0.009982694542918745
-0.009838772595875928
-0.009688157914877373
-0.009530646161181199
-0.009366029923282478
-0.009194098716913257
-0.009014638985042539
-0.008827434097876298
-0.008632264352857464
-0.00842890697466594
-0.008217136115218585
-0.007996722853669227
-0.007767435196408657
-0.0075290380770646325
-0.007281293356501868
-0.007023959822822052
-0.006756793191363827
-0.006479546104702809
-0.006191968132651569
-0.005893805772259651
-0.005584802447813558
-0.0052646985108367565
-0.00493323124008968
-0.004590134841569722
-0.004235140448511248
-0.0038679761213855786
-0.003488366847901003
-0.0030960345430027744
-0.0026906980488731087
-0.002272073134931189
-0.001839872497833158
-0.001393805761472128
-0.0009335794769781684
-0.0004588971227183191
3.054089570341842e-5
0.0005350372454460771
0.0010548976664317333
0.001590430971345485
0.0021419490456354787
0.00270976684751289
0.0032942024079519352
0.0038955768306898645
0.0045142142922269595
0.005150442041826544
0.005804590401514976
0.006476992766081643
0.0071679856030789834
0.007877908452822456
0.008607103928390564
0.00935591771562484
0.010124698573129861
0.010913798332273236
0.011723571897185604
0.012554377244760644
0.013406575424655082
0.014280530559288662
0.015176609843844181
0.016095183546267447
0.017036625007267332
0.01800131064031573
0.018989619931647564
0.020001935440260812
0.021038642797916476
0.022100130709138584
0.02318679095121422
0.02429901837419349
0.025437210900889552
0.026601769526878573
0.02779309832049979
0.02901160442285543
0.03025769804781081
0.03153179248199424
0.0328343040847971
0.03416565228837376
0.03552625959764167
0.0369165515902813
0.03833695691673616
0.03978790730021277
0.04126983753668073
0.04278318549487265
0.04432839211628418
0.04590590141517398
0.0475161604785638
0.04915961946623839
0.050836731610745534
0.05254795321739607
0.05429374366426386
0.05607456540218579
0.05789088395476181
0.05974316791835489
0.06163188896209104
0.06355752182785931
0.06552054433031176
0.06752143735686351
0.06956068486769273
0.07163877389574058
0.07375619454671131
0.07591343999907219
0.07811100650405345
0.08034939338564848
0.08262910304061363
0.08495064093846831
0.08731451562149492
0.089721238704739
0.092171324876009
0.0946652918958765
0.09720366059767606
0.09978695488750532
0.10241570174422492
0.10509043121945855
0.10781167643759293
0.11057997359577786
0.11339586196392606
0.11625988388471344
0.11917258477357887
0.12213451311872416
0.12514622048111435
0.12820826149447737
0.13132119386530425
0.13448557837284902
0.1377019788691288
0.14097096227892367
0.14429309859977682
0.14766896090199438
0.15109912532864564
0.15458417109556288
0.15812468049134135
0.16172123887733936
0.16537443468767835
0.16908485942924273
0.17285310768167986
0.17667977709740032
0.18056546840157753
0.1845107853921481
0.1885163349398116
0.19258272698803064
0.19671057455303104
0.20090049372380114
0.20515310366209302
0.20946902660242117
0.2138488878520637
0.21829331579106107
0.22280294187221755
0.22737840062109965
0.23202032963603778
0.23672936958812438
0.241506164221216
0.24635136035193125
0.2512656078696526
0.25624955973652475
0.26130387198745636
0.26642920373011814
0.27162621714494467
0.27689557748513305
0.28223795307664373
0.28765401531819973
0.29314443868128787
0.29870990071015713
0.30435108202182043
0.31006866630605273
0.315863340325393
0.32173579391514245
0.327686719983366
0.33371681451089086
0.33982677655130816
0.34601730823097115
0.3522891147489971
0.3586429043772652
0.36507938846041876
0.37159928141586307
0.3782033007337676
0.38489216697706374
0.391666603781447
0.39852733785537475
0.40547509898006867
0.412510620009512
0.41963463687045277
0.4268478885624003
0.4341511171576284
0.4415450678011726
0.4490304887108328
0.4566081311771707
0.4642787495635122
0.4720431013059451
0.47990194691332116
0.48785604996725446
0.49590617712212287
0.5040530981050664
0.5122975857159892
0.520640415827557
0.5290823673852002
0.5376242224071107
0.546266765984245
0.555010786280321
0.5638570745318211
0.5728064250479893
0.5818596352108343
0.5910175054751262
0.6002808393683997
0.6096504434909505
0.61912712751584
0.62871170418889
0.6384049893286874
0.6482078018265803
0.6581209636466819
0.6681452998258663
0.6782816384737728
0.6885308107728013
0.6988936509781173
0.709370996417647
0.7199636874920815
0.7306725676748735
0.7414984835122402
0.7524422846231602
0.7635048236993767
0.7746869565053942
0.7859895418784825
0.7974134417286719
0.8089595210387581
0.8206286478642977
0.8324216933336126
0.8443395316477851
0.8563830400806635
0.8685530989788559
0.8808505917617366
0.8932764049214402
0.9058314280228668
0.918516553703677
0.9313326776742973
0.9442806987179143
0.9573615186904803
0.9705760425207077
0.9839251782100754
0.997409836832822
1.011030932535952
1.0247893825392305
1.0386861071351878
1.052722029689115
1.0668980766390688
1.081215177495866
1.0956742648430895
1.1102762743370824
1.1250221447069535
1.1399128177545717
1.154949238354572
1.17013235445435
1.1854631170740664
1.2009424803066424
1.2165714013177649
1.2323508403458816
1.2482817607022052
1.2643651287707096
1.2806019140081337
1.2969930889439774
1.313539629180505
1.330242513392743
1.347102723328482
1.3641212438082746
1.3812990627254376
1.3986371710460486
1.4161365628089506
1.4337982351257486
1.4516231881808117
1.4696124252312692
1.4877669526070174
1.5060877797107115
1.524575919017774
1.5432323860763861
1.5620581995074962
1.581054381004812
1.600221955334808
1.6195619503367171
1.6390753969225402
1.6587633290770372
1.6786267838577342
1.6986668013949173
1.7188844248916382
1.7392807006237103
1.7598566779397111
1.7806134092609787
1.8015519500816173
1.822673358968492
1.843978697561233
1.8654690305722303
1.8871454257866405
1.9090089540623802
1.9310606893301323
1.9533017085933393
1.975733091928209
1.9983559224837106
2.0211712864815787
2.044180273216308
2.0673839750551606
2.0907834874381552
2.1143799088780795
2.1381743409604796
2.1621678883436704
2.1863616587587233
2.2107567630094773
2.2353543149725312
2.2601554315972514
2.2851612329057613
2.3103728419929532
2.335791385026478
2.3614179912467526
2.3872537929669537
2.4132999255730265
2.4395575275236725
2.466027740350361
2.4927117086573225
2.5196105801215514
2.5467255054928035
2.5740576385936005
2.601608136319224
2.6293781586377216
2.6573688685898995
2.685581432289333
2.714017018922355
2.7426768007480655
2.7715619530983235
2.800673654377756
2.8300130860637474
2.8595814327064506
2.889379881928777
2.9194096244264047
2.9496718539677715
2.980167767394082
3.0108985646192985
3.041865448630153
3.073069625486134
3.104512304319499
3.1361946973352635
3.1681180198112093
3.200283490097879
3.232692329618582
