Taxes(0.7305, 0.22344, 0.85, 0.000542048431726944, 0.352)
400
-0.012427047533583008
-0.012427047403892857
-0.012427045458540615
-0.012427037028680898
-0.012427014332904732
-0.01242696647723956
-0.012426879455149236
-0.012426736147534022
-0.012426516322730593
-0.012426196636512036
-0.012425750632087852
-0.012425148740103953
-0.012424358278642654
-0.012423343453222694
-0.012422065356799218
-0.012420481969763784
-0.012418548159944356
-0.01241621568260532
-0.012413433180447462
-0.01241014618360799
-0.012406297109660519
-0.012401825263615072
-0.012396666837918091
-0.012390754912452425
-0.012384019454537334
-0.012376387318928494
-0.012367782247817987
-0.01235812487083431
-0.012347332705042372
-0.012335320154943496
-0.012321998512475405
-0.01230727595701225
-0.01229105755536458
-0.012273245261779366
-0.012253737917939985
-0.012232431252966223
-0.012209217883414284
-0.01218398731327678
-0.012156625933982734
-0.012127017024397585
-0.012095040750823178
-0.012060574166997773
-0.012023491214096042
-0.011983662720729068
-0.01194095640294434
-0.01189523686422577
-0.011846365595493671
-0.011794200975104776
-0.011738598268852223
-0.011679409629965566
-0.011616484099110766
-0.0115496676043902
-0.011478802961342656
-0.011403729872943334
-0.01132428492960384
-0.011240301609172198
-0.011151610276932844
-0.011058038185606621
-0.010959409475350785
-0.010855545173759008
-0.010746263195861368
-0.010631378344124354
-0.010510702308450876
-0.010384043666180244
-0.010251207882088184
-0.010111997308386838
-0.009966211184724754
-0.009813645638186893
-0.00965409368329463
-0.009487345222005747
-0.009313187043714444
-0.009131402825251326
-0.008941773130883414
-0.00874407541231414
-0.008538084008683345
-0.008323570146567285
-0.008100301939978623
-0.007868044390366443
-0.007626559386616231
-0.007375605705049886
-0.007114939009425725
-0.006844311850938468
-0.006563473668219254
-0.006272170787335629
-0.005970146421791552
-0.005657140672527396
-0.005332890527919943
-0.0049971298637823845
-0.004649589443364327
-0.004289996917351792
-0.003918076823867203
-0.003533550588469402
-0.0031361365241536427
-0.002725549831351587
-0.0023015025979313125
-0.0018637037991973042
-0.0014118592978904641
-0.0009456718441880978
-0.0004648410757039306
3.09364825119045e-5
0.0005419674179728608
0.0010685614307559875
0.0016110313335019083
0.0021696930514148475
0.002744865622262611
0.003336871196376598
0.003946035036651795
0.00457268551854677
0.005217154130083688
0.005879775471848299
0.006560887256989939
0.007260830311221541
0.007979948572819615
0.008718589092624266
0.009477102034039188
0.010255840673031655
0.011055161398132545
0.011875423710436308
0.012716990223600988
0.013580226663848227
0.014465501869963239
0.015373187793294848
0.016303659497755436
0.017257295159821
0.018234476068531114
0.01923558662548894
0.020261014344861234
0.021311149853378335
0.02238638689033417
0.02348712230758626
0.02461375606955571
0.025766691253227215
0.026946334048149053
0.02815309375643311
0.029387382792754824
0.03064961668435326
0.031940214071031044
0.033259596705154416
0.034608189451653164
0.0359864202880207
0.037394720304314025
0.038833523703153704
0.040303267799723895
0.041804393021772385
0.0433373429096105
0.04490256411611317
0.04650050640671889
0.048131622659429815
0.04979636886481162
0.05149520412599358
0.05322859065866858
0.05499699379109309
0.05680088196408714
0.058640726731034376
0.06051700275788203
0.062430187823140915
0.06438076281788545
0.0663692117457536
0.06839602172294694
0.07046168297823069
0.07256668885293353
0.07471153580094787
0.07689672338872965
0.07912275429529832
0.08139013431223706
0.08369937234369255
0.08605098040637507
0.08844547362955849
0.09088337025508028
0.0933651916373415
0.09589146224330677
0.09846270965250437
0.10107946455702604
0.10374226076152726
0.10645163518322696
0.10920812785190778
0.11201228190991588
0.11486464361216096
0.11776576232611645
0.12071619053181928
0.12371648382186988
0.12676720090143248
0.1298689035882347
0.13302215681256788
0.13622752861728685
0.13948559015781012
0.14279691570211972
0.14616208263076133
0.14958167143684412
0.15305626572604095
0.15658645221658826
0.16017282073928596
0.1638159642374977
0.16751647876715065
0.17127496349673557
0.17509202070730676
0.17896825579248224
0.18290427725844347
0.18690069672393558
0.19095812892026728
0.1950771916913109
0.1992585059935024
0.2035026958958409
0.20781038857988987
0.21218221433977566
0.21661880658218877
0.2211208018263827
0.2256888397041752
0.2303235629599469
0.23502561745064285
0.2397956521457707
0.24463431912740274
0.24954227359017384
0.25452017384128334
0.25956868130049343
0.2646884605001306
0.2698801790850841
0.2751445078128077
0.28048212055331795
0.28589369428919553
0.29137990911558415
0.296941448240192
0.3025789979832898
0.30829324777771283
0.314084890168859
0.3199546208146908
0.3259031384857334
0.3319311450650764
0.3380393455483721
0.34422844804383734
0.3504991637722516
0.35685220706695886
0.36328829537386587
0.3698081492514437
0.37641249237072605
0.3831020515153115
0.3898775565813609
0.3967397405776001
0.4036893396253167
0.41072709295836407
0.41785374292315697
0.4250700349786758
0.4323767176964627
0.43977454276062494
0.4472642649678321
0.4548466422273186
0.4625224355608811
0.4702924091028813
0.47815733010024297
0.48611796891245485
0.49417509901156814
0.5023294969821988
0.5105819425215249
0.5189332184392896
0.5273841106577986
0.5359354082119216
0.5445879032490919
0.5533423910293065
0.5621996699251253
0.571160541421673
0.5802258101166364
0.5893962837202676
0.5986727730553806
0.6080560920573543
0.61754705777413
0.6271464903662142
0.6368552131066749
0.6466740523811458
0.6566038376878223
0.6666454016374653
0.6767995799533972
0.6870672114715063
0.6974491381402418
0.7079462050206194
0.7185592602862158
0.729289155223173
0.7401367442301957
0.7511028848185529
0.7621884376120763
0.7733942663471624
0.7847212378727695
0.7961702221504217
0.8077420922542043
0.8194377243707688
0.8312579977993275
0.8432037949516592
0.8552760013521032
0.8674755056375658
0.8798031995575131
0.8922599779739785
0.9048467388615558
0.9175643833074049
0.9304138155112474
0.9433959427853703
0.9565116755546222
0.9697619273564173
0.983147614840731
0.9966696577701053
1.0103289790196424
1.0241265045770116
1.0380631635424424
1.052139888128731
1.0663576136612345
1.0807172785778758
1.0952198244291393
1.1098661958780753
1.124657340700295
1.1395942097839764
1.1546777571298577
1.1699089398512434
1.1852887181739997
1.2008180554365584
1.2164979180899123
1.2323292756976203
1.2483131009358026
1.2644503695931455
1.2807420605708961
1.297189155882868
1.313792640655436
1.33055350312754
1.3474727346506816
1.3645513296889291
1.3817902858189113
1.399190603729823
1.4167532872234196
1.4344793432140235
1.4523697817285184
1.4704256159063533
1.4886478619995382
1.5070375393726503
1.525595670502826
1.5443232809797698
1.563221399505746
1.5822910578955858
1.6015332910766806
1.6209491370889892
1.6405396370850296
1.6603058353298874
1.6802487792012089
1.7003695191892068
1.7206691088966537
1.7411486050388891
1.7618090674438147
1.7826515590518968
1.803677145916162
1.824886897202205
1.846281885188181
1.867863185264811
1.8896318759353767
1.9115890388157264
1.9337357586342696
1.956073123231982
1.9786022235623995
2.001324153691624
2.0242400107983207
2.047350895173719
2.070657910221608
2.0941621624583475
2.1178647615128536
2.1417668201266102
2.165869454153663
2.190173782560624
2.214680927426665
2.239392013943524
2.2643081704155
2.289430528259461
2.3147602220048307
2.3402983892936042
2.3660461708803346
2.392004710632142
2.4181751555287065
2.4445586556622776
2.471156364237661
2.497969437572232
2.5249990350959264
2.5522463193512452
2.579712455993251
2.607398613789573
2.6353059646204007
2.66343568347849
2.691788948469157
2.7203669408102864
2.7491708448323204
2.7782018479782717
2.8074611408037082
2.836949916976771
2.8666693732781554
2.8966207096011285
2.9268051289515142
2.957223837447705
2.9878780443206536
3.0187689619138793
3.049897805683461
3.081265794198046
3.1128741491388405
3.1447240952996194
3.176816860586715
3.209153676019029
3.241735775728022
3.2745643969577234
