Taxes(0.7305, 0.2, 0.85, 0.022954803437659516, 0.352)
400
-0.012123204695843253
-0.012123204569324041
-0.012123202671535901
-0.012123194447787288
-0.012123172306925636
-0.012123125621337352
-0.01212304072694782
-0.01212290092322139
-0.012122686473161389
-0.01212237460331012
-0.01212193950374886
-0.012121352328097855
-0.012120581193516323
-0.01211959118070246
-0.012118344333893437
-0.012116799660865395
-0.012114913132933449
-0.012112637684951686
-0.012109923215313168
-0.012106716585949933
-0.012102961622332988
-0.012098599113472316
-0.012093566811916876
-0.012087799433754591
-0.01208122865861237
-0.012073783129656086
-0.012065388453590589
-0.012055967200659703
-0.012045438904646223
-0.012033720062871922
-0.012020724136197541
-0.012006361549022801
-0.011990539689286388
-0.011973162908465968
-0.01195413252157818
-0.01193334680717863
-0.011910701007361909
-0.01188608732776157
-0.011859394937550146
-0.011830509969439141
-0.011799315519679034
-0.011765691648059276
-0.011729515377908294
-0.011690660696093483
-0.01164899855302122
-0.011604396862636849
-0.011556720502424681
-0.011505831313408021
-0.011451588100149127
-0.011393846630749244
-0.011332459636848579
-0.011267276813626319
-0.011198144819800627
-0.011124907277628637
-0.01104740477290645
-0.010965474854969149
-0.01087895203669079
-0.0107876677944844
-0.010691450568301971
-0.01059012576163449
-0.010483515741511896
-0.01037143983850311
-0.010253714346716031
-0.010130152523797524
-0.010000564590933429
-0.009864757732848563
-0.009722536097806713
-0.009573700797610642
-0.009418049907602083
-0.009255378466661744
-0.009085478477209311
-0.008908138905203438
-0.008723145680141752
-0.008530281695060857
-0.008329326806536327
-0.008120057834682715
-0.00790224856315354
-0.0076756697391413
-0.007440089073377465
-0.007195271240132478
-0.006940977877215756
-0.006676967585975687
-0.006402995931299637
-0.006118815441613942
-0.005824175608883912
-0.005518822888613833
-0.00520250069984696
-0.004874949425165526
-0.004535906410690732
-0.004185105966082762
-0.003822279364540761
-0.0034471548428028553
-0.003059457601146144
-0.002658909803386698
-0.002245230576879563
-0.0018181360125187574
-0.0013773391647372748
-0.0009225500515070769
-0.00045347565433910536
3.018008171672759e-5
0.0005287162480715348
0.001042434972597463
0.0015716414196276715
0.0021166437899563587
0.002677753320838742
0.0032552842859910713
0.0038495539955906207
0.004460882796275686
0.005089594071145597
0.005736014239760705
0.006400472758142387
0.007083302118773057
0.0077848378505961414
0.0085054185190161
0.00924538572589842
0.010005084109569611
0.010784861344817218
0.011585068142889798
0.012406058251496944
0.013248188454809282
0.014111818573458447
0.014997311464537127
0.015905033021599
0.0168353521746588
0.01778864089019228
0.01876527417113621
0.019765630056888403
0.020790089623307688
0.021839036982713913
0.022912859283887973
0.024011946712071772
0.025136692488968253
0.026287492872741368
0.027464747158016126
0.028668857675878522
0.029900229793875615
0.031159271916015467
0.03244639548276718
0.033762014971060864
0.03510654789428768
0.0364804148022998
0.037884039281410424
0.039317847954393775
0.04078227048048513
0.042277739555380764
0.04380469091123797
0.04536356331667508
0.046954798576771484
0.04857884153306755
0.050236140063564694
0.051927145082725355
0.05365231054147302
0.05541209342719216
0.057206953763728294
0.05903735461138798
0.0609037620669388
0.06280664526360935
0.06474647637108924
0.06672373059552913
0.06873888617954073
0.0707924244021967
0.0728848295790308
0.0750165890620378
0.07718819323967344
0.07940013553685459
0.08165291241495906
0.08394702337182572
0.08628297094175444
0.08866126069550619
0.09108240124030285
0.09354690421982745
0.09605528431422397
0.09860805924009741
0.10120574975051386
0.10384887963500036
0.10653797571954504
0.10927356786659706
0.11205618897506649
0.1148863749803246
0.11776466485420359
0.12069160060499662
0.12366772727745805
0.1266935929528031
0.12976974874870814
0.1328967488193105
0.1360751503552085
0.13930551358346163
0.14258840176759024
0.14592438120757578
0.14931402123986073
0.15275789423734867
0.156256575609404
0.1598106438018524
0.16342068029698037
0.16708726961353557
0.17081099930672655
0.1745924599682231
0.1784322452261558
0.18233095174511643
0.18628917922615765
0.19030753040679335
0.19438661106099836
0.19852702999920818
0.20272939906832005
0.20699433315169152
0.21132245016914183
0.21571437107695052
0.22017071986785894
0.22469212357106866
0.22927921225224315
0.23393261901350593
0.23865297999344257
0.2434409343670987
0.24829712434598186
0.2532221951780598
0.25821679514776197
0.2632815755759783
0.2684171908200604
0.27362429827382007
0.27890355836753095
0.28425563456792696
0.2896811933782039
0.2951809043380177
0.3007554400234861
0.30640547604718704
0.31213169105816047
0.3179347667419064
0.32381538782038677
0.3297742420520235
0.33581202023170076
0.34192941619076256
0.348127126797015
0.3544058519547243
0.3607662946046184
0.36720916072388554
0.373735159326176
0.3803450024615999
0.38703940521672964
0.3938190857145973
0.4006847651146974
0.40763716761298396
0.41467702044187377
0.4218050538702428
0.4290220012034297
0.43632859878323277
0.44372558598791256
0.45121370523218957
0.45879370196724634
0.46646632468072524
0.474232324896731
0.48209245717582816
0.49004747911504337
0.4980981513478632
0.5062452375442366
0.5144895044105717
0.5228317216897398
0.5312726621610714
0.5398131016403593
0.5484538189798563
0.5571955960682774
0.5660392178307971
0.5749854722290527
0.5840351502611408
0.5931890459616206
0.6024479564015107
0.6118126816882925
0.6212840249659068
0.6308627924147567
0.6405497932517051
0.6503458397300775
0.6602517471396586
0.6702683338066959
0.6803964210938962
0.6906368334004293
0.7009903981619237
0.7114579458504711
0.7220403099746227
0.7327383270793917
0.7435528367462516
0.754484681593138
0.7655347072744455
0.7767037624810325
0.7879926989402156
0.7994023714157749
0.8109336377079492
0.822587358653441
0.8343643981254109
0.8462656230334833
0.858291903323741
0.8704441119787303
0.8827231250174563
0.8951298214953871
0.9076650835044501
0.9203297961730356
0.9331248476659926
0.9460511291846336
0.9591095349667297
0.9723009622865154
0.9856263114546839
0.9990864858183919
1.0126823917612544
1.0264149387033503
1.040285039101217
1.054293608447855
1.0684415652727233
1.082729831141745
1.0971593306573015
1.1117309914582376
1.1264457442198565
1.1413045226539253
1.1563082635086697
1.171457906568778
1.1867543946553982
1.2021986736261414
1.2177916923750767
1.2335344028327373
1.249427759966115
1.2654727217786648
1.2816702493103005
1.298021306637399
1.314526860872796
1.331187882165791
1.3480053437021415
1.3649802217040696
1.3821134954302536
1.3994061471758377
1.416859162272424
1.4344735290880777
1.4522502390273222
1.4701902865311458
1.4882946690769936
1.506564387178776
1.52500044438686
1.543603847288078
1.5623756055057196
1.5813167316995393
1.6004282415657476
1.6197111538370212
1.6391664902824943
1.6587952757077646
1.6785985379548882
1.698577307902384
1.7187326194652321
1.7390655095948733
1.7595770182792074
1.780268188542599
1.8011400664458705
1.8221937010863076
1.8434301445976546
1.86485045215012
1.8864556819503695
1.9082468952415341
1.930225156303202
1.9523915324514245
1.9747470940387128
1.9972929144540414
2.020030070122842
2.0429596405070125
2.066082708104906
2.089400358451341
2.1129136801175945
2.1366237647114072
2.1605317068769776
2.184638604294968
2.2089455576824983
2.233453670793155
2.258164050416979
2.283077806380478
2.308196051546617
2.3335199018148236
2.3590504761209847
2.3847888964374526
2.4107362877730347
2.4368937781730042
2.4632624987190925
2.4898435835294936
2.516638169758861
2.5436473975983116
2.570872410275421
2.598314354054227
2.6259743782352274
2.653853635155383
2.681953280188113
2.7102744717433014
2.7388183712672873
2.7675861432428777
2.796578955189335
2.8257979776623867
2.8552443842542177
2.884919351593478
2.914824059345274
2.9449596902111783
2.9753274299292185
3.0059284672738897
3.0367639940561415
3.0678352051233917
3.099143298359512
3.13068947468484
3.1624749380561714
3.194500895466767
