Taxes(0.7305, 0.15781, 0.85, 0.059676478726441266, 0.352)
400
-0.011527871888713917
-0.01152787176840767
-0.01152786996381399
-0.011527862143908049
-0.01152784109031512
-0.011527796697310607
-0.011527715971820016
-0.011527583033418968
-0.011527379114333195
-0.011527082559438547
-0.011526668826260985
-0.011526110484976582
-0.011525377218411521
-0.0115244358220421
-0.011523250203994738
-0.011521781385045955
-0.01151998749862239
-0.011517823790800796
-0.011515242620308033
-0.011512193458521081
-0.01150862288946703
-0.01150447460982308
-0.01149968942891655
-0.011494205268724866
-0.011487957163875573
-0.011480877261646321
-0.011472894821964884
-0.011463936217409139
-0.011453924933207077
-0.01144278156723681
-0.011430423830026553
-0.011416766544754643
-0.01140172164724952
-0.011385198185989747
-0.011367102322103995
-0.011347337329371047
-0.0113258035942198
-0.011302398615729266
-0.011277017005628567
-0.01124955048829694
-0.011219887900763732
-0.011187915192708408
-0.011153515426460543
-0.011116568776999824
-0.011076952531956051
-0.011034541091609142
-0.010989205968889118
-0.010940815789376125
-0.010889236291300413
-0.01083433032554235
-0.010775957855632411
-0.010713975957751191
-0.010648238820729395
-0.01057859774604784
-0.010504901147837455
-0.010426994552879284
-0.010344720600604488
-0.010257919043094334
-0.010166426745080202
-0.010070077683943591
-0.009968702949716109
-0.009862130745079476
-0.009750186385365529
-0.009632692298556213
-0.009509468025283588
-0.009380330218829832
-0.009245092645127226
-0.009103566182758172
-0.008955558822955182
-0.008800875669600881
-0.00863931893922801
-0.008470687961019414
-0.008294779176808063
-0.008111386141077032
-0.007920299520959509
-0.007721307096238801
-0.00751419375934832
-0.007298741515371599
-0.007074729482042279
-0.006841933889744111
-0.006600128081510969
-0.006349082513026829
-0.006088564752625788
-0.005818339481292051
-0.0055381684926599384
-0.005247810693013883
-0.0049470221012884305
-0.00463555584906824
-0.004313162180588081
-0.003979588452732842
-0.0036345791350375165
-0.003277875809687217
-0.002909217171517167
-0.0025283390280127025
-0.002134974299309274
-0.0017288530181924424
-0.0013097023300978857
-0.0008772464931113881
-0.00043120687796885425
2.8698031943702422e-5
0.0005027526405901532
0.0009912442392842635
0.0014944630066896726
0.002012702008819919
0.002546257199038421
0.0030954274180584884
0.003660514393943318
0.004241822742105988
0.004839659965309468
0.005454336453666616
0.006086165484640172
0.006735463223042771
0.007402548721036926
0.008087743918135043
0.008791373641199411
0.00951376560444221
0.01025525040942551
0.011016161545061253
0.011796835387611282
0.012597611200687328
0.013418831135251
0.014260840229613807
0.015123986409437124
0.01600862048773223
0.016915096164860293
0.01784377002853235
0.018795001553809344
0.0197691531031021
0.02076658992617132
0.021787680160127606
0.022832794829431437
0.02390230784589319
0.024996596008673117
0.026116039004281378
0.02726101940657798
0.02843192267677286
0.029629137163425818
0.030853054102446553
0.03210406761709463
0.03338257471797953
0.0346889753030606
0.03602367215764709
0.037387070954398104
0.03877958025332269
0.04020161150177974
0.041653579034478035
0.043135900073476244
0.044648994728182956
0.0461932859953566
0.04776919975910552
0.04937716479088793
0.05101761274951198
0.05269097818113561
0.05439769851926675
0.05613821408476315
0.05791296808583248
0.05972240661803229
0.06156697866427001
0.06344713609480294
0.06536333366723833
0.06731602902653323
0.06930568270499465
0.07133275812227947
0.0733977215853944
0.07550104228869613
0.07764319231389116
0.07982464663003593
0.0820458830935367
0.08430738244814973
0.08660962832498104
0.08895310724248662
0.09133830860647231
0.09376572471009385
0.09623585073385689
0.0987491847456169
0.10130622770057933
0.10390748344129946
0.10655345869768239
0.10924466308698327
0.11198160911380706
0.11476481217010848
0.11759479053519237
0.12047206537571327
0.12339716074567572
0.12637060358643407
0.12939292372669262
0.1324646538825055
0.1355863296572768
0.13875848954176037
0.14198167491406008
0.14525643003962968
0.14858330207127265
0.15196284104914257
0.15539559990074278
0.15888213444092653
0.16242300337189694
0.16601876828320708
0.1696699936517598
0.17337724684180797
0.17714109810495424
0.18096212058015118
0.18484089029370143
0.18877798615925695
0.19277398997782036
0.1968294864377435
0.20094506311472868
0.20512131047182744
0.20935882185944193
0.21365819351532347
0.21802002456457403
0.22244491701964456
0.2269334757803369
0.23148630863380182
0.23610402625454083
0.24078724220440453
0.2455365729325942
0.25035263777566025
0.2552360589575036
0.2601874615893746
0.2652074736698739
0.2702967260849515
0.275455852607908
0.28068548989939307
0.2859862775074071
0.29135885786729954
0.2968038763017706
0.30232198102086943
0.30791382312199606
0.31358005658989935
0.3193213382966791
0.3251383280017841
0.33103168835201385
0.3370020848815169
0.34305018601179244
0.34917666305168876
0.3553821901974051
0.3616674445324892
0.3680331060278404
0.374479857541706
0.3810083848196851
0.3876193764947247
0.39431352408712395
0.40109152200452963
0.40795406754194025
0.4149018608817027
0.42193560509351513
0.4290560061344244
0.43626377284882834
0.4435596169684734
0.4509442531124572
0.4584183987872263
0.4659827743865779
0.4736381031916582
0.4813851113709644
0.4892245279803423
0.4971570849629889
0.5051835171494499
0.5133045622576219
0.5215209608927505
0.529833456547432
0.5382427956016117
0.5467497273225861
0.5553550038649998
0.5640593802708492
0.5728636144694786
0.5817684672775845
0.5907747023992108
0.5998830864257534
0.6090943888359565
0.6184093819959156
0.6278288411590744
0.6373535444662287
0.6469842729455219
0.656721810512449
0.6665669439698536
0.6765204630079303
0.6865831602042228
0.6967558310236254
0.7070392738183812
0.7174342898280847
0.7279416831796783
0.7385622608874567
0.7492968328530621
0.7601462118654887
0.7711112136010784
0.7821926566235257
0.7933913623838718
0.8047081552205111
0.8161438623591846
0.8276993139129862
0.8393753428823574
0.851172785155091
0.8630924795063286
0.8751352675985633
0.887301993981636
0.8995935060927396
0.9120106542564144
0.9245542916845535
0.937225274476397
0.9500244616185377
0.9629527149849157
0.9760108993368232
0.9891998823229003
1.0025205344791388
1.0159737292288786
1.0295603428828113
1.0432812546389767
1.0571373465827663
1.071129503686919
1.085258613811527
1.0995255677040285
1.113931258999215
1.1284765842192255
1.1431624427735505
1.1579897369590288
1.1729593719598512
1.1880722558475558
1.2033292995810334
1.218731417006522
1.2342795248576117
1.2499745427552404
1.2658173932076984
1.2818090016106232
1.297950296247005
1.3142422082871803
1.3306856717888391
1.3472816236970193
1.3640310038441097
1.3809347549498467
1.3979938226213207
1.4152091553529673
1.432581704526576
1.4501124244112835
1.467802272163578
1.485652207827296
1.5036631943336265
1.5218361975011043
1.5401721860356186
1.558672131530405
1.577337008466052
1.5961677942104946
1.6151654690190203
1.6343310160342657
1.6536654212862174
1.6731696736922106
1.6928447650569325
1.712691690072419
1.7327114463180564
1.7529050342605794
1.7732734572540751
1.793817721539978
1.8145388362470751
1.8354378133915001
1.8565156678767394
1.8777734174936271
1.89921208292035
1.920832687722441
1.9426362583527874
1.9646238241516214
1.9867964173465293
2.0091550730524443
2.0317008292716525
2.0544347268937866
2.0773578096958323
2.100471124342121
2.12377572038434
2.1472726502615203
2.1709629693000476
2.194847735713654
2.2189280106034244
2.24320485795779
2.267679344652538
2.2923525404507967
2.317225518003053
2.342299352847137
2.367575123408234
2.393053910998874
2.4187367998189426
2.44462487695567
2.47071923238364
2.497020958964783
2.523531152448384
2.5502509114710716
2.577181337556831
2.60432353511699
2.631678611450235
2.659247676742593
2.68703184406745
2.7150322293855336
2.743249951544927
2.7716861322810598
2.800341896216716
2.829218370862022
2.858316686614463
2.8876379767588656
2.9171833774674143
2.9469540277996367
2.9769510697024146
3.0071756480099765
3.0376289104439054
