Taxes(0.7305, 0.225, 0.85, -0.0010042991457921888, 0.352)
400
-0.012446899384539677
-0.01244689925464235
-0.012446897306182463
-0.012446888862856288
-0.012446866130824272
-0.012446818198711051
-0.01244673103760544
-0.012446587501060435
-0.012446367325093204
-0.01244604712818511
-0.012445600411281689
-0.012444997557792659
-0.012444205833591914
-0.012443189387017538
-0.012441909248871792
-0.012440323332421116
-0.01243838643339613
-0.012436050229991643
-0.01243326328286663
-0.01242997103514426
-0.01242611581241188
-0.012421636822721014
-0.01241647015658737
-0.012410548786990836
-0.01240380256937548
-0.01239615824164955
-0.01238753942418548
-0.012377866619819877
-0.012367057213853535
-0.012355025474051429
-0.012341682550642708
-0.012326936476320712
-0.012310692166242952
-0.012292851418031126
-0.012273312911771111
-0.012251972210012965
-0.012228721757770926
-0.012203450882523413
-0.012176045794213027
-0.01214638958524655
-0.012114362230494941
-0.012079840587293347
-0.012042698395441089
-0.012002806277201673
-0.01196003173730278
-0.011914239162936283
-0.011865289823758222
-0.01181304187188883
-0.011757350341912514
-0.011698067150877865
-0.01163504109829765
-0.01156811786614882
-0.01149714001887251
-0.011421947003374032
-0.01134237514902288
-0.011258257667652724
-0.011169424653561424
-0.011075703083511017
-0.010976916816727715
-0.01087288659490192
-0.010763430042188209
-0.01064836166520534
-0.010527492853036257
-0.010400631877228077
-0.010267583891792104
-0.010128150933203822
-0.009982131920402893
-0.00982932265479316
-0.00966951582024265
-0.009502500983083568
-0.009328064592112304
-0.009145989978589422
-0.008956057356239673
-0.008758043821251985
-0.008551723352279468
-0.008336866810439414
-0.008113241939313292
-0.00788061336494676
-0.00763874259584965
-0.007387388022995972
-0.007126304919823926
-0.006855245442235886
-0.00657395862859841
-0.006282190399742233
-0.005979683558962277
-0.0056661777920176395
-0.005341409667131601
-0.0050051126349916234
-0.004657017028749345
-0.004296850064020595
-0.003924335838885371
-0.0035391953338878594
-0.003141146412036425
-0.002729903818803614
-0.002305179182126154
-0.0018666810124049514
-0.0014141147025050972
-0.0009471825277558566
-0.00046558364595068264
3.098590265279398e-5
0.00054283319533276
0.001070268426903229
0.0016136049097140194
0.0021731590736507817
0.002749250466134978
0.0033422017521238944
0.003952338714110637
0.004579990252124122
0.005225488383729093
0.005889168244026114
0.006571368085651557
0.007272429278777632
0.00799269631111235
0.00873251678789955
0.00949224143191889
0.01027222408348584
0.011072821700451705
0.01189439435820359
0.012737305249664427
0.013601920685292977
0.014488610093083805
0.015397746018567313
0.016329704124809694
0.017284863192412986
0.018263605119515042
0.019266314921789516
0.020293380732445906
0.021345193802229517
0.022422148499421465
0.023524642309838705
0.024653075836833988
0.02580785280129591
0.026989380041648865
0.028198067513853082
0.029434328291404584
0.030698578565335245
0.03199123764421274
0.03331272795414057
0.03466347503875804
0.036043907559240286
0.03745445729429828
0.03889555914017878
0.04036765111066438
0.041871174337073505
0.04340657306826038
0.04497429467061506
0.04657478962806339
0.0482085115420671
0.04987591713162367
0.05157746623326643
0.05331362180106453
0.055084849906622955
0.05689161973908246
0.05873440360511965
0.060613676928946966
0.06252991825231265
0.06448360923450076
0.06647523465233117
0.06850528240015959
0.07057424348987754
0.07268261205091232
0.07483088533022715
0.07701956369232098
0.07924915061922856
0.08152015271052059
0.08383307968330346
0.08618844437221941
0.08858676272944653
0.09102855382469872
0.09351433984522566
0.09604464609581291
0.09862000099878182
0.10124093609398953
0.10390798603882906
0.10662168860822918
0.10938258469465453
0.11219121830810562
0.11504813657611859
0.11795388974376562
0.12090903117365462
0.1239141173459292
0.12696970785826903
0.1300763654258894
0.1332346558815415
0.13644514817551234
0.13970841437562473
0.14302502966723732
0.14639557235324455
0.14982062385407668
0.15330076870769982
0.15683659456961593
0.16042869221286266
0.1640776555280136
0.1677840815231781
0.17154857032400145
0.1753717251736645
0.17925415243288423
0.18319646157991315
0.18719926521053984
0.1912631790380885
0.1953888218934193
0.19957681572492827
0.2038277855985468
0.20814235969774283
0.21252116932351944
0.2169648488944162
0.22147403594650764
0.2260493711334051
0.2306914982262548
0.23540106411373965
0.24017871880207745
0.24502511541502286
0.24994091019386533
0.254926762497431
0.2599833348020811
0.26511129270171335
0.2703113049077606
0.27558404324919233
0.28093018267251296
0.28635040124176353
0.29184538013852007
0.2974158036618954
0.30306235922853725
0.30878573737263
0.31458663174589274
0.32046573911758175
0.326423759374488
0.332461395520939
0.3385793536787974
0.3447783430874625
0.3510590761038686
0.3574222682024866
0.36386863797532243
0.3703989071319186
0.37701380049935257
0.3837140460222387
0.390500374762726
0.39737352090050054
0.4043342217327828
0.4113832176743306
0.418521252257436
0.4257490721319287
0.43306742706517215
0.44047706994206753
0.4479787567650503
0.455573246654093
0.46326130184670294
0.47104368769792426
0.4789211726803358
0.48689452838405334
0.49496452951672737
0.5031319539035455
0.5113975824872297
0.519762199328039
0.5282265916037674
0.5367915496097454
0.5454578667588386
0.5542263395814493
0.5630977677255145
0.5720729539565081
0.5811527041574389
0.5903378273288528
0.5996291355888298
0.6090274441729873
0.618533571434477
0.6281483388439884
0.6378725709897445
0.6477070955775062
0.6576527434305685
0.667710348489764
0.6778807478134591
0.6881647815775581
0.698563293075499
0.7090771287182579
0.7197071380343443
0.7304541736698056
0.7413190913882237
0.7523027500707173
0.7634060117159398
0.7746297414400817
0.7859748074768677
0.7974420811775602
0.8090324370109556
0.820746752563388
0.8325859085387252
0.8445507887583732
0.8566422801612712
0.868861272803897
0.8812086598602613
0.8936853376219135
0.9062922054979361
0.9190301660149499
0.9319001248171094
0.9449029906661071
0.9580396754411687
0.9713110941390586
0.9847181648740738
0.9982618088780508
1.011942950500358
1.0257625172079035
1.0397214395851277
1.0538206513340098
1.0680610892740625
1.0824436933423358
1.0969694065934146
1.1116391751994203
1.1264539484500096
1.141414678752376
1.1565223216312466
1.1717778357288877
1.1871821828050977
1.202736327737214
1.2184412385201073
1.2342978862661866
1.2503072452053938
1.2664702926852098
1.2827880091706485
1.299261378244262
1.3158913866061357
1.3326790240738935
1.3496252835826923
1.3667311611852282
1.3839976560517295
1.401425770469964
1.419016509845231
1.4367708827003696
1.4546899006757523
1.4727745785292898
1.4910259341364247
1.5094449884901402
1.5280327657009505
1.54679029299691
1.5657186007236057
1.5848187223441625
1.6040916944392394
1.6235385567070337
1.6431603519632745
1.6629581261412312
1.6829329282917056
1.703085810583038
1.723417828301102
1.7439300398493083
1.764623506748604
1.7854992936374718
1.8065584682719278
1.8278021015255275
1.8492312673893598
1.8708470429720516
1.892650508499762
1.9146427473161902
1.9368248458825679
1.959197893777665
1.9817629836977853
2.0045212114567694
2.0274736759859926
2.0506214793343696
2.073965726668345
2.097507526271906
2.121247989546569
2.1451882310113914
2.169329368302962
2.1936725221754116
2.2182188165004
2.242969378267127
2.267925337582325
2.2930878276702686
2.3184579848727593
2.344036948649142
2.3698258615762926
2.3958258693486267
2.4220381207780908
2.4484637677941734
2.475103965443892
2.501959871891807
2.529032648420008
2.5563234594281252
2.583833472433322
2.6115638580702996
2.6395157900912927
2.667690445366074
2.6960890038819496
2.7247126487437656
2.7535625661738976
2.782639945512264
2.8119459792163126
2.841481862861033
2.8712487951389454
2.90124797786011
2.9314806159521183
2.961947917460103
2.9926510935467276
3.023591358492196
3.0547699296942428
3.086188027668144
3.117846876046706
3.149747701580276
3.181891734136733
3.2142802067014946
3.2469143553775113
3.2797954193852745
