Taxes(0.7305, 0.1875, 0.85, 0.0343, 0.352)
300
-0.011958937102025358
-0.011958930258592088
-0.01195885967741622
-0.011958617066324123
-0.01195806114256695
-0.01195702430427679
-0.011955316311392324
-0.01195272673629306
-0.011949026752056004
-0.011943970513466465
-0.011937296265880543
-0.011928727261352386
-0.011917972532267366
-0.011904727556061995
-0.01188867483445806
-0.011869484404127021
-0.01184681429134915
-0.011820310920223677
-0.011789609481845825
-0.01175433427030649
-0.011714098990208617
-0.011668507039513413
-0.011617151770850563
-0.011559616733895607
-0.01149547590099713
-0.011424293877899453
-0.011345626101133552
-0.011259019023425947
-0.011164010288291283
-0.011060128894821414
-0.010946895353555815
-0.010823821834210082
-0.010690412305947873
-0.01054616267080329
-0.010390560890793859
-0.010223087109206308
-0.010043213766487317
-0.009850405711127809
-0.009644120305891277
-0.009423807529703154
-0.009188910075488915
-0.008938863444222447
-0.008673096035423286
-0.008391029234320764
-0.00809207749588476
-0.007775648425906511
-0.00744114285929806
-0.0070879549357659435
-0.0067154721730026115
-0.006323075537528455
-0.005910139513307489
-0.005476032168250926
-0.005020115218714874
-0.004541744092090963
-0.004040267987582121
-0.003515029935249542
-0.0029653668534112745
-0.0023906096044677516
-0.0017900830492248554
-0.0011631060997806448
-0.0005089917710380794
0.00017295276909788247
0.0008834261507836876
0.0016231327545091964
0.002392782664529403
0.0031930916234095565
0.004024780987640125
0.004888577684280145
0.00578521416858997
0.006715428382616273
0.007679963714694156
0.008679568959833076
0.009714998280954809
0.010787011170953393
0.011896372415548391
0.01304385205690421
0.014230225357989481
0.015456272767651763
0.016722779886383956
0.018030537432759872
0.019380341210517463
0.020772992076269134
0.022209295907819428
0.02369006357307143
0.025216110899503656
0.02678825864420036
0.02840733246441872
0.030074162888676967
0.03178958528834839
0.03355443984974639
0.03536957154668715
0.03723583011351565
0.039154070018582884
0.04112515043816133
0.04314993523078699
0.04522929291201645
0.04736409662958782
0.04955522413897498
0.05180355777932479
0.05410998444976749
0.05647539558609052
0.05890068713776687
0.06138675954532866
0.06393451771807797
0.06654487101212589
0.06921873320875255
0.07195702249307977
0.0747606614330493
0.07763057695869921
0.0805677003417316
0.08357296717536451
0.08664731735446214
0.08979169505593629
0.09300704871941354
0.0962943310281617
0.09965449889027038
0.10308851342007934
0.10659733991984988
0.1101819478616738
0.11384331086961459
0.11758240670207627
0.12140021723439504
0.12529772844164877
0.12927593038168037
0.13333581717832993
0.13747838700487214
0.14170464206765437
0.14601558858993133
0.1504122367958928
0.15489560089488028
0.15946669906578886
0.16412655344165128
0.16887619009439944
0.1737166390198017
0.17864893412257063
0.18367411320164004
0.1887932179356065
0.1940072938683331
0.19931739039471233
0.20472456074658504
0.21022986197881297
0.2158343549555016
0.22153910433637092
0.22734517856327166
0.23325364984684388
0.23926559415331614
0.24538209119144208
0.25160422439957253
0.2579330809328608
0.26436975165059856
0.27091533110368016
0.2775709175221939
0.2843376128031372
0.2912165224982537
0.2982087558019916
0.305315425539579
0.31253764815521673
0.31987654370038465
0.3273332358222614
0.3349088517522544
0.34260452229463917
0.350421381815306
0.35836056823061224
0.3664232229963385
0.37461049109674727
0.38292352103374305
0.3913634648161306
0.3999314779489721
0.40862871942303985
0.417456351704364
0.42641554072387466
0.43550745586713435
0.4447332699641629
0.45409415927935054
0.4635913035014598
0.47322588573371427
0.48299909248397116
0.49291211365498183
0.5029661425347318
0.5131623757868649
0.5235020134411871
0.5339862588842509
0.5446163188500178
0.5553934034105985
0.5663187259670688
0.5773935032403622
0.5886189552622358
0.59999630536631
0.6115267801791798
0.6232116096115994
0.6350520268497348
0.6470492683464873
0.6592045738128862
0.6715191862095471
0.683994351738199
0.6966313198332769
0.7094313431535781
0.7223956775739853
0.7355255821772508
0.7488223192458441
0.7622871542538618
0.775921355858999
0.7897261958945785
0.8037029493616423
0.817852894421102
0.8321773123859432
0.8466774877134935
0.8613547079977418
0.8762102639617166
0.8912454494499179
0.9064615614208056
0.9218598999393401
0.9374417681695772
0.9532084723673154
0.969161321872795
0.9853016291034501
1.001630709546709
1.0181498817528474
1.0348604673278892
1.051763790926559
1.068861180245279
1.0861539660152195
1.103643481995391
1.1213310649657886
1.1392180547205772
1.1573057940613298
1.1755956287903018
1.1940889077037597
1.2127869825853483
1.231691208199502
1.2508029422849025
1.2701235455479771
1.289654381656439
1.3093968172328727
1.3293522218483562
1.3495219680161292
1.3699074311852977
1.3905099897345834
1.411331024966106
1.4323719210992139
1.4536340652643462
1.4751188474969366
1.4968276607313544
1.5187619007948863
1.5409229664017492
1.5633122591471484
1.5859311835013625
1.608781146803875
1.6318635592575326
1.6551798339227461
1.6787313867117213
1.7025196363827269
1.7265460045343977
1.75081191560007
1.7753187968421513
1.8000680783465244
1.8250611930169842
1.8502995765697035
1.8757846675277412
1.90151790721557
1.9275007397536439
1.9537346120529968
1.9802209738098693
2.0069612775003685
2.0339569783751563
2.061209534454172
2.088720406521381
2.116491058119555
2.1445229555450793
2.1728175678427957
2.201376366800867
2.2302008269456732
2.259292425536737
2.2886526425616736
2.318282960731177
2.348184865474023
2.3783598449321035
2.408809389955495
2.439534994097544
2.4705381536099824
2.5018203674380723
2.533383137215773
2.565227967260935
2.597356364570522
2.629769838815854
2.662469902337882
2.6954580701424775
2.72873585989576
2.762304791919436
2.7961663891861748
2.8303221773149945
2.8647736845666874
2.899522441839255
2.9345699826633767
2.9699178431978965
3.005567562225332
3.0415206811474147
3.0777787439806397
3.1143432973518506
3.151215890493836
