Taxes(0.7305, 0.22031, 0.85, 0.0036256561488085945, 0.352)
400
-0.012387034328937337
-0.012387034199664769
-0.012387032260576265
-0.012387023857859416
-0.0123870012351602
-0.012386953533582996
-0.01238686679169058
-0.01238672394550411
-0.012386504828503142
-0.01238618617162563
-0.012385741603267917
-0.012385141649284743
-0.012384353732989233
-0.01238334217515291
-0.012382068194005698
-0.012380489905235907
-0.012378562321990237
-0.01237623735487379
-0.012373463811950052
-0.012370187398740911
-0.012366350718226645
-0.012361893270845924
-0.012356751454495815
-0.012350858564531771
-0.012344144793767648
-0.01233653723247569
-0.012327959868386534
-0.012318333586689212
-0.012307576170031148
-0.012295602298518163
-0.012282323549714464
-0.012267648398642665
-0.012251482217783754
-0.01223372727707713
-0.012214282743920578
-0.012193044683170274
-0.012169906057140792
-0.012144756725605095
-0.012117483445794545
-0.012087969872398895
-0.012056096557566287
-0.012021740950903262
-0.011984777399474756
-0.011945077147804089
-0.011902508337872982
-0.011856936009121553
-0.011808222098448298
-0.011756225440210127
-0.011700801766222327
-0.011641803705758588
-0.011579080785550986
-0.011512479429789994
-0.011441842960124482
-0.011367011595661709
-0.011287822452967325
-0.011204109546065379
-0.011115703786438313
-0.011022432983026959
-0.01092412184223054
-0.010820591967906685
-0.010711661861371399
-0.010597146921399092
-0.010476859444222568
-0.010350608623533016
-0.010218200550480026
-0.010079438213671578
-0.009934121499174046
-0.009782047190512198
-0.009623008968669194
-0.009456797412086588
-0.00928319999666433
-0.009102001095760757
-0.008912981980192608
-0.008715920818235008
-0.008510592675621478
-0.008296769515543935
-0.008074220198652683
-0.007842710483056426
-0.007602003024322262
-0.007351857375475672
-0.007092029987000545
-0.0068222742068391505
-0.006542340280392161
-0.006251975350518634
-0.005950923457536028
-0.005638925539220191
-0.005315719430805365
-0.004981039864984185
-0.004634618471907678
-0.004276183779185271
-0.0039054612118847756
-0.003522173092532401
-0.003126038641112751
-0.0027167739750688195
-0.0022940921093019978
-0.0018577029561720668
-0.0014073133254972052
-0.000942626924553978
-0.00046334435807735106
3.083687173931987e-5
0.0005402223652442839
0.001065120825327404
0.0016058440574201363
0.002162706969495555
0.002736027572068335
0.003326126978194762
0.003933329403472728
0.004557962166041723
0.005200355686582856
0.005860843488318835
0.006539762197013974
0.007237451540974202
0.007954254351047045
0.008690516560621638
0.009446587205628727
0.010222818424540658
0.011019565458371393
0.011837186650676486
0.01267604344755311
0.013536500397640046
0.01441892515211767
0.01532368846470798
0.01625116419167456
0.017201729291822617
0.018175763826498968
0.01917365095959201
0.020195776957531785
0.021242531189289912
0.022314306126379625
0.023411497342855768
0.02453450351531479
0.025683726422894747
0.0268595709472753
0.028062445072677723
0.029292759885864876
0.030550929576141254
0.031837371435352944
0.03315250585788764
0.03449675634067464
0.03587054948318484
0.03727431498743078
0.03870848565796657
0.04017349740188792
0.041669789228832195
0.043197803250978335
0.04475798468304686
0.04635078184229993
0.04797664614854134
0.049636032124116415
0.05132939739391215
0.053057202685357116
0.054819911828421525
0.05661799175561714
0.05845191250199736
0.06032214720515722
0.06222917210523332
0.06417346654490388
0.06615551296938872
0.06817579692644929
0.07023480706638861
0.07233303514205133
0.07447097600882373
0.07664912762463365
0.07886799104995051
0.08112807044778549
0.0834298730836912
0.08577390932576191
0.08816069264463354
0.0905907396134836
0.09306456990803118
0.095582706306537
0.09814567468980337
0.10075400404117421
0.10340822644653508
0.10610887709431309
0.108856494275477
0.1116516193835372
0.11449479691454555
0.1173865744670957
0.12032750274232284
0.12331813554390364
0.1263590297780566
0.12945074545354163
0.13259384568166038
0.13578889667625604
0.13903646775371342
0.14233713133295894
0.14569146293546062
0.1491000411852281
0.1525634478088126
0.15608226763530697
0.15965708859634567
0.16328850172610476
0.1669771011613019
0.1707234841411964
0.17452825100758906
0.17839200520482243
0.18231535327978055
0.18629890488188916
0.19034327276311552
0.19444907277796858
0.198616923883499
0.2028474481392985
0.20714127070750124
0.21149901985278222
0.21592132694235874
0.22040882644598894
0.22496215593597335
0.2295819560871534
0.23426887067691288
0.23902354658517624
0.2438466337944106
0.24873878538962368
0.2537006575583657
0.25873290959072764
0.2638362038793429
0.26901120591938577
0.27425858430857275
0.2795790107471614
0.2849731600379515
0.2904417100862836
0.29598534190004094
0.3016047395896473
0.3073005903680689
0.31307358455081274
0.31892441555592843
0.32485377990400627
0.3308623772181789
0.33695091022411966
0.3431200847500447
0.3493706097267106
0.3557031971874165
0.3621185622680023
0.3686174232068504
0.3752005013448838
0.38186852112556824
0.3886222100949098
0.3954622989014576
0.4023895212963008
0.4094046141330718
0.41650831736794275
0.4237013740596296
0.4309845303693877
0.4383585355610159
0.445824142000853
0.45338210515778093
0.46103318360322193
0.468778139011141
0.47661773615804354
0.4845527429229777
0.4925839302875322
0.5007120723358386
0.5089379462545686
0.517262332332937
0.5256860139626987
0.5342097776381516
0.542834412956134
0.5515607126160271
0.5603894724197523
0.569321491271774
0.5783575711790967
0.5874985172512681
0.5967451377003761
0.6060982438410514
0.6155586500904648
0.625127173968331
0.6348046360969036
0.6445918602009802
0.6544896731078981
0.6644989047475379
0.6746203881523202
0.6848549594572086
0.6952034578997072
0.7056667258198628
0.7162456086602623
0.726940954966036
0.7377536163848543
0.7486844476669302
0.7597343066650175
0.7709040543344129
0.7821945547329525
0.7936066750210168
0.8051412854615252
0.8167992594199409
0.8285814733642668
0.8404888068650497
0.8525221425953752
0.8646823663308736
0.8769703669497133
0.8893870364326081
0.9019332698628099
0.9146099654261148
0.927418024410859
0.9403583512079216
0.9534318533107214
0.9666394413152213
0.9799820289199227
0.9934605329258722
1.0070758732366545
1.020828972858399
1.034720757899774
1.0487521575719918
1.0629241041888045
1.077237533166507
1.0916933830239341
1.1062925953824652
1.1210361149660177
1.1359248896010543
1.1509598702165755
1.1661420108441272
1.1814722686177932
1.1969516037742023
1.2125809796525222
1.2283613626944643
1.2442937224442796
1.2603790315487629
1.2766182657572485
1.2930124039216144
1.3095624279962779
1.3262693230382
1.3431340772068814
1.3601576817643668
1.3773411310752397
1.3946854226066283
1.4121915569281984
1.4298605377121616
1.4476933717332685
1.4656910688688132
1.4838546420986278
1.5021851075050914
1.520683484273119
1.539350794690172
1.5581880641462504
1.5771963211338975
1.5963765972481965
1.6157299271867749
1.6352573487497974
1.6549599028399757
1.6748386334625587
1.69489458772534
1.715128815838652
1.7355423711153708
1.7561363099709137
1.7769116919232397
1.7978695795928474
1.8190110387027805
1.8403371380786213
1.861848949648496
1.8835475484430697
1.9054340125955522
1.9275094233416923
1.9497748650197826
1.9722314250706554
1.9948801940376857
2.017722265566789
2.040758736406425
2.063990706407591
2.0874192785238312
2.111045558811225
2.1348706564283995
2.1588956836365183
2.183121755799291
2.2075499913829657
2.232181511956334
2.257017442190726
2.2820589098600195
2.307307045840626
2.3327629841115063
2.3584278617541568
2.3843028189526194
2.4103889989934744
2.4366875482658483
2.463199616261403
2.4899263555743483
2.51686892190143
2.5440284740419403
2.571406173897709
2.599003186473112
2.6268206798750615
2.6548598253130162
2.6831217970989716
2.7116077726474703
2.740318932475591
2.7692564602029592
2.7984215425517363
2.827815369346632
2.857439133514891
2.887294031086305
2.917381261193203
2.9477020260704583
2.978257531055485
3.0090489845882407
3.040077598211219
3.0713445865694626
3.102851167410549
3.1345985615846033
3.166587993044287
3.198820688844807
3.2312978791439084
3.264020797201883
