Taxes(0.7305, 0.15469, 0.85, 0.0622242441456176, 0.352)
400
-0.011485897364548022
-0.011485897244679829
-0.011485895446656916
-0.011485887655224297
-0.011485866678290319
-0.011485822446926676
-0.011485742015368398
-0.011485609561013858
-0.011485406384424765
-0.011485110909326171
-0.011484698682606473
-0.011484142374317401
-0.011483411777674027
-0.011482473809054762
-0.011481292508001366
-0.011479829037218928
-0.011478041682575883
-0.011475885853104006
-0.01147331408099841
-0.011470276021617551
-0.011466718453483227
-0.01146258527828057
-0.011457817520858057
-0.011452353329227501
-0.011446127974564064
-0.011439073851206237
-0.01143112047665586
-0.011422194491578112
-0.011412219659801505
-0.011401116868317901
-0.011388804127282494
-0.01137519657001383
-0.011360206452993777
-0.011343743155867564
-0.011325713181443745
-0.011306020155694218
-0.011284564827754225
-0.011261245069922347
-0.011235955877660502
-0.01120858936959395
-0.011179034787511295
-0.011147178496364474
-0.011112903984268773
-0.01107609186250281
-0.011036619865508548
-0.010994362850891292
-0.010949192799419678
-0.010900978815025695
-0.010849587124804662
-0.010794881079015247
-0.010736721151079447
-0.010674964937582613
-0.010609467158273423
-0.010540079656063905
-0.010466651397029424
-0.01038902847040868
-0.010307054088603726
-0.010220568587179945
-0.010129409424866058
-0.010033411183554136
-0.009932405568299586
-0.00982622140732115
-0.00971468465200092
-0.00959761837688432
-0.009474842779680118
-0.009346175181260425
-0.009211430025660685
-0.009070418880079688
-0.008922950434879564
-0.008768830503585777
-0.008607862022887144
-0.008439845052635809
-0.008264576775847262
-0.008081851498700336
-0.007891460650537198
-0.007693192783863361
-0.007486833574347674
-0.007272165820822329
-0.00704896944528286
-0.006817021492888134
-0.006576096131960368
-0.00632596465398511
-0.006066395473611255
-0.005797154128651035
-0.005518003280080023
-0.005228702712037134
-0.0049290093318246206
-0.004618677169908077
-0.004297457379916435
-0.003965098238641975
-0.003621345146040307
-0.0032659406252303863
-0.00289862432249451
-0.0025191330072783127
-0.0021272005721907714
-0.001722558033004201
-0.0013049335286542609
-0.0008740523212399434
-0.00042963679602358874
2.859353856912616e-5
0.0005009220509491824
0.0009876349863642275
0.0014890214668985564
0.002005373491473134
0.0025369859358455797
0.003084156552610177
0.0036471859711978676
0.004226377697876248
0.004822038115749579
0.005434476484758783
0.0060640049416814355
0.006710938500131781
0.007375595050560715
0.008058295360255797
0.008759363073341245
0.009479124710777937
0.010217909670363415
0.010976050226731869
0.011753881531354158
0.012551741612537805
0.013369971375426979
0.01420891460200253
0.015068917951081938
0.015950330958319364
0.016853506036205633
0.017778798474068203
0.01872656643807122
0.019697170971215486
0.020690975993338436
0.021708348301114202
0.022749657568053545
0.02381527634450391
0.024905580057649382
0.026020947011510722
0.02716175838694533
0.028328398241647294
0.029521253510147335
0.030740714003812855
0.03198717241084789
0.033261024296293164
0.034562668102026045
0.03589250514676057
0.037250939626047405
0.03863837861227393
0.04005523205466415
0.04150191277927873
0.042978836489014974
0.04448642176360692
0.046025090059625184
0.047595265710477085
0.04919737592640658
0.050831850794494315
0.05249912327865757
0.054199629219650276
0.05593380733506306
0.0577020992193232
0.059504949343694595
0.061342805056277844
0.06321611658201019
0.06512533702266556
0.06707092235685447
0.06905333144002418
0.0710730260044586
0.0731304706592782
0.07522613289044026
0.07736048306073863
0.07953399440980378
0.08174714305410295
0.08400040798693997
0.08629427107845533
0.0886292170756262
0.09100573360226641
0.09342431115902641
0.0958854431233934
0.09838962574969112
0.10093735816908006
0.10352914238955738
0.10616548329595676
0.10884688864994874
0.11157386909004041
0.11434693813157544
0.11716661216673435
0.12003341046453417
0.12294785517082865
0.12591047130830818
0.12892178677649985
0.13198233235176735
0.13509264168731105
0.138253251313168
0.1414647006362119
0.14472753194015311
0.14804229038553865
0.15140952400975216
0.15482978372701403
0.15830362332838124
0.1618315994817474
0.16541427173184292
0.16905220250023467
0.17274595708532636
0.1764961036623582
0.18030321328340726
0.1841678598773872
0.188090620250048
0.1920720740839769
0.19611280393859726
0.2002133952501696
0.20437443633179048
0.20859651837339388
0.2128802354417496
0.21722618448046505
0.22163496530998317
0.22610718062758478
0.23064343600738624
0.23524433990034146
0.2399105036342403
0.24464254141370997
0.24944107032021362
0.2543067103120517
0.2592400842243609
0.2642418177691148
0.2693125395351233
0.2744528809880336
0.27966347647032885
0.28494496320132945
0.2902979812771918
0.2957231736709098
0.3012211862323131
0.30679266768806895
0.31243826964168026
0.31815864657348764
0.32395445584066734
0.32982635767723323
0.33577501519403496
0.34180109437875966
0.34790526409593026
0.3540881960869072
0.3603505649698869
0.3666930482399031
0.37311632626882524
0.3796210823053607
0.386208002475052
0.3928777757802801
0.3996310941002608
0.4064686521910481
0.41339114768553137
0.42039928109343777
0.4274937558013302
0.4346752780726091
0.44194455704751046
0.4493023047431081
0.4567492360533116
0.46428606874886796
0.4719135234773599
0.47963232376320797
0.4874431960076681
0.49534686948883405
0.5033440763616354
0.5114355516578389
0.5196220332860476
0.5279042620317017
0.5362829815570771
0.5447589384012878
0.5533328819802829
0.5620055645868497
0.5707777413906104
0.5796501704380259
0.5886236126523919
0.5976988318338421
0.6068765946593456
0.6161576706827099
0.625542832334577
0.6350328549224278
0.6446285166305777
0.6543305985201808
0.664139884529226
0.6740571614725404
0.6840832190417866
0.6942188498054649
0.704464849208911
0.7148220155742988
0.725291150100637
0.7358730568637732
0.7465685428163894
0.7573784177880061
0.7683034944849788
0.7793445884905017
0.7905025182646033
0.801778105144151
0.8131721733428467
0.8246855499512313
0.83631906493668
0.8480735511434065
0.8599498442924599
0.8719487829817275
0.884071208685931
0.8963179657566314
0.9086899014222233
0.9211878657879414
0.9338127118358537
0.9465652954248679
0.9594464752907256
0.9724571130460077
0.9855980731801295
0.9988702230593445
1.0122744329267415
1.0258115759022477
1.0394825279826247
1.0532881680414738
1.0672293778292294
1.0813070419731659
1.0955220479773915
1.1098752862228536
1.1243676499673338
1.139000035345453
1.1537733413686657
1.1686884699252664
1.1837463257803833
1.1989478165759837
1.214293852830869
1.2297853479406802
1.2454232181778917
1.2612083826918181
1.2771417635086073
1.293224285531247
1.309456876539558
1.325840467190201
1.3423759910166717
1.3590643844293038
1.3759065867152647
1.3929035400385625
1.410056189440038
1.4273654828373727
1.4448323710250808
1.4624578076745163
1.4802427493338675
1.4981881554281617
1.5162949882592598
1.5345642130058628
1.5529967977235055
1.5715937133445619
1.5903559336782396
1.6092844354105857
1.6283801981044828
1.6476442041996504
1.667077439012643
1.686680890736855
1.7064555504425145
1.7264024120766885
1.7465224724632784
1.7668167313030243
1.7872861911735014
1.8079318575291234
1.8287547387011385
1.849755845897633
1.8709361932035287
1.8922967975805864
1.9138386788674
1.9355628597794046
1.9574703659088666
1.979562225724894
2.0018394705734273
2.0243031346772478
2.04695425513597
2.069793871926047
2.0928230279007667
2.1160427687902574
2.1394541432014784
2.163058202618232
2.1868560014011513
2.2108485967877107
2.2350370488922175
2.2594224207058202
2.284005778096498
2.3087881898090723
2.3337707274651973
2.3589544655633667
2.384340481478908
2.4099298554639894
2.4357236706476106
2.461723013035613
2.4879289715106703
2.5143426378322964
2.540965106636839
2.5677974754374855
2.594840844624255
2.622096317464011
2.649565000100445
2.677248001554093
2.7051464337223203
2.7332614113793356
2.7615940521761795
2.7901454766407325
2.818916808177707
2.8479091730686594
2.877123700471975
2.906561522422883
2.9362237738334422
2.9661115924925543
2.996226119065952
3.026568497096211
