Taxes(0.7305, 0.18125, 0.85, 0.03982153524549919, 0.352)
400
-0.011860084814328261
-0.011860084690555002
-0.011860082833956117
-0.011860074788694283
-0.01186005312837396
-0.011860007456041393
-0.011859924404184612
-0.01185978763473343
-0.011859577839059443
-0.011859272737976037
-0.011858847081738375
-0.011858272650043411
-0.011857518252029875
-0.011856549726278288
-0.011855329940810956
-0.011853818793091966
-0.011851973210027187
-0.011849747147964279
-0.011847091592692677
-0.011843954559443612
-0.011840281092890089
-0.011836013267146905
-0.011831090185770636
-0.01182544798175964
-0.01181901981755407
-0.01181173588503585
-0.0118035234055287
-0.011794306629798117
-0.011784006838051383
-0.011772542339937568
-0.01175982847454752
-0.011745777610413878
-0.011730299145511061
-0.011713299507255276
-0.011694682152504512
-0.011674347567558538
-0.011652193268158915
-0.011628113799488984
-0.011602000736173871
-0.011573742682280485
-0.011543225271317521
-0.01151033116623546
-0.011474940059426564
-0.01143692867272488
-0.011396170757406237
-0.011352537094188257
-0.011305895493230333
-0.011256110794133656
-0.011203044865941193
-0.011146556607137694
-0.0110865019456497
-0.01102273383884553
-0.01095510227353529
-0.010883454265970871
-0.010807633861845948
-0.010727482136295978
-0.010642837193898205
-0.010553534168671658
-0.010459405224077144
-0.010360279553017264
-0.010255983377836396
-0.0101463399503207
-0.010031169551698131
-0.009910289492638419
-0.00978351411325308
-0.00965065478309542
-0.009511519901160519
-0.00936591489588525
-0.009213642225148267
-0.009054501376270008
-0.008888288866012697
-0.008714798240580338
-0.008533820075618726
-0.008345141976215435
-0.008148548576899825
-0.00794382154164304
-0.0077307395638580075
-0.007509078366399442
-0.0072786107015638405
-0.007039106351089482
-0.006790332126156436
-0.006532051867386547
-0.0062640264448434535
-0.005986013758032572
-0.005697768735901105
-0.00539904333683804
-0.005089586548674149
-0.004769144388681985
-0.00443745990357589
-0.0040942731695119885
-0.003739321292088186
-0.003372338406344176
-0.0029930556767614365
-0.0026012012972632275
-0.002196500491214595
-0.0017786755114223682
-0.001347445640135163
-0.0009025271890433736
-0.00044363349927918546
2.9525058583435052e-5
0.0005172410845287356
0.0010198101490991867
0.0015375307933954614
0.0020707045290764598
0.002619635838359291
0.0031846321740192866
0.0037660039593899897
0.004364064588363156
0.004979130425388761
0.0056115208054749975
0.006261558034188268
0.0069295673876532
0.007615877112552627
0.008320818426127604
0.009044725516177398
0.009787935541059495
0.010550788629689601
0.011333627881541622
0.012136799366647693
0.012960652125598169
0.013805538169541606
0.014671812480184792
0.01555983300979271
0.016469960681188577
0.017402559387753824
0.01835799599342808
0.019336640332709217
0.0203388652106533
0.021365046402874618
0.022415562655545684
0.023490795685397206
0.024591130179718135
0.02571695379635561
0.026868657163715018
0.028046633880759914
0.02925128051701212
0.030482996612551647
0.031742184678016726
0.033029250194603794
0.03434460161406752
0.035688650358720785
0.03706181082143468
0.0384645003656385
0.0398971393253198
0.041360151005024305
0.042853961679855966
0.044379000595476954
0.04593569996810768
0.047524494984526724
0.049145823802070915
0.050800127548635284
0.0524878503226731
0.0542094391931958
0.05596534419977308
0.057756018352532836
0.059581917632161197
0.06144350098990248
0.06334123034755922
0.0652755705974922
0.06724698960262039
0.06925595819642096
0.07130295018292934
0.07338844233673916
0.07551291440300224
0.07767684909742865
0.07988073210628668
0.08212505208640278
0.08441030066516164
0.08673697244050624
0.08910556498093766
0.09151657882551527
0.09397051748385665
0.09646788743613754
0.09900919813309199
0.10159496199601215
0.10422569441674849
0.10690191375770969
0.1096241413518625
0.11239290150273211
0.11520872148440178
0.11807213154151294
0.12098366488926543
0.1239438577134171
0.12695324917028417
0.13001238138674093
0.13312179946022004
0.13628205145871228
0.13949368842076668
0.1427572643554904
0.14607333624254895
0.14944246403216602
0.15286521064512343
0.1563421419727613
0.15987382687697796
0.16346083719022994
0.16710374771553194
0.17080313622645696
0.17455958346713613
0.17837367315225888
0.18224599196707278
0.1861771295673837
0.19016767857955574
0.1942182346005109
0.19832939619772993
0.20250176490925131
0.20673594524367217
0.21103254468014726
0.21539217366839036
0.21981544562867258
0.22430297695182413
0.2288553869992325
0.2334732981028444
0.23815733556516375
0.2429081276592536
0.2477263056287344
0.2526125036877856
0.2575673590211441
0.2625915117841057
0.26768560510252387
0.2728502850728108
0.2780862007619362
0.28339400420742894
0.2887743504173751
0.29422789737041993
0.29975530601576594
0.3053572402731748
0.3110343670329656
0.3167873561560163
0.3226168804737623
0.3285236157881982
0.33450824087187586
0.3405714374679062
0.3467138902899575
0.3529362870222572
0.3592393183195899
0.3656236778072995
0.37209006208128703
0.378639170708013
0.38527170622449464
0.39198837413830895
0.3987898829275896
0.40567694404103016
0.4126502718978806
0.41971058388795074
0.4268586003716073
0.43409504467977633
0.44142064311394114
0.4488361249461442
0.4563422224189851
0.4639396707456227
0.4716292081097732
0.47941157566571196
0.4872875175382714
0.4952577808228434
0.5033231155853768
0.5114842748623798
0.5197420146609179
0.5280970939586156
0.5365502747036549
0.5451023218147767
0.5537540031812792
0.5625060896630202
0.5713593550904141
0.5803145762644351
0.5893725329566137
0.5985340079090411
0.6077997868343642
0.6171706584157901
0.6266474143070826
0.6362308491325652
0.6459217604871179
0.6557209489361808
0.6656292180157503
0.675647374232383
0.6857762270631916
0.6960165889558488
0.7063692753285846
0.7168351045701877
0.7274148980400043
0.7381094800679397
0.7489196779544565
0.7598463219705766
0.7708902453578788
0.7820522843285015
0.7933332780651399
0.8047340687210492
0.8162555014200407
0.8278984242564861
0.8396636882953128
0.8515521475720091
0.8635646590926194
0.8757020828337478
0.8879652817425552
0.9003551217367626
0.9128724717046468
0.9255182035050454
0.9382931919673516
0.9511983148915195
0.9642344530480587
0.9774024901780396
0.9907033129930884
1.0041378111753922
1.0177068773776934
1.0314114072232952
1.0452522993060567
1.0592304551903975
1.0733467794112932
1.0876021794742798
1.1019975658554493
1.1165338520014543
1.131211954329503
1.1460327922273645
1.1609972880533634
1.1761063671363854
1.1913609577758715
1.2067619912418235
1.222310401774799
1.2380071265859165
1.25385310585685
1.269849282739834
1.285996603357659
1.3022960168036766
1.3187484751417933
1.3353549334064772
1.3521163496027508
1.3690336847061981
1.38610790266296
1.4033399703897362
1.4207308577737825
1.4382815376729168
1.4559929859155107
1.4738661813004983
1.4919021055973682
1.5101017435461703
1.52846608285751
1.5469961142125543
1.5656928312630236
1.5845572306312017
1.6035903119099264
1.6227930776625972
1.6421665334231685
1.6617116876961553
1.68142955195663
1.7013211406502242
1.7213874711931247
1.7416295639720802
1.7620484423443954
1.782645132637935
1.8034206641511183
1.8243760691529278
1.8455123828828999
1.8668306435511326
1.888331892338279
1.9100171733955529
1.9318875338447241
1.9539440237781238
1.9761876962586375
1.9986196073197133
2.0212408159653523
2.0440523841701186
2.067055376879131
2.09025086200807
2.113639910443171
2.13722359604123
2.1610029956295973
2.1849791890061887
2.2091532589394705
2.2335262911684723
2.258099374402779
2.282873600322536
2.3078500635784445
2.333029861791767
2.3584140955543207
2.3840038684284837
2.4098002869471906
2.435804460613936
2.4620175019027704
2.488440526258305
2.5150746520957075
2.541921000800705
2.56898069672958
2.5962548672091788
2.623744642536899
2.6514511559807032
2.679375543779105
2.7075189451411843
2.7358825022465716
2.7644673602454617
2.7932746672586033
2.822305574377306
2.8515612356634352
2.8810428081494184
2.910751451838235
2.940688329703431
2.970854607689102
3.001251454709909
3.0318800426510664
3.062741546368349
3.0938371436880883
3.125168015407178
