Taxes(0.7305, 0.17656, 0.85, 0.04390402582460066, 0.352)
400
-0.011792362817244328
-0.011792362694177822
-0.01179236084818026
-0.011792352848857492
-0.011792331312219264
-0.01179228590067923
-0.011792203323054943
-0.011792067334567856
-0.011791858736843314
-0.011791555377910575
-0.01179113215220279
-0.011790561000557014
-0.011789810910214197
-0.011788847914819192
-0.011787635094420757
-0.011786132575471545
-0.01178429753082811
-0.011782084179750907
-0.011779443787904286
-0.01177632466735651
-0.011772672176579733
-0.011768428720450008
-0.011763533750247294
-0.011757923763655446
-0.011751532304762224
-0.011744289964059282
-0.01173612437844218
-0.011726960231210372
-0.01171671925206722
-0.011705320217119983
-0.011692678948879816
-0.011678708316261784
-0.011663318234584838
-0.011646415665571846
-0.011627904617349565
-0.011607686144448655
-0.011585658347803679
-0.011561716374753093
-0.011535752419039263
-0.01150765572080845
-0.011477312566610812
-0.011444606289400415
-0.011409417268535223
-0.011371622929777095
-0.011331097745291797
-0.011287713233648994
-0.011241337959822241
-0.011191837535189013
-0.01113907461753067
-0.011082908911032476
-0.011023197166283596
-0.010959793180277098
-0.010892547796409944
-0.010821308904483004
-0.01074592144070104
-0.01066622738767272
-0.010582065774410614
-0.010493272676331187
-0.010399681215254804
-0.01030112155940574
-0.010197420923412156
-0.010088403568306122
-0.00997389080152361
-0.009853700976904486
-0.00972764949469252
-0.009595548801535384
-0.009457208390484645
-0.009312434800995773
-0.009161031618928143
-0.009002799476545021
-0.008837536052513582
-0.008665036071904896
-0.008485091306193935
-0.008297490573259571
-0.008102019737384577
-0.007898461709255627
-0.00768659644596329
-0.007466200951002044
-0.007237049274270261
-0.006998912512070214
-0.0067515588071080795
-0.006494753348493931
-0.006228258371741744
-0.005951833158769393
-0.005665234037898654
-0.005368214383855204
-0.005060524617768619
-0.004741912207172374
-0.004412121666003846
-0.004070894554604316
-0.003717969479718956
-0.0033530820944968473
-0.002975965098490967
-0.0025863482376581926
-0.002183958304359305
-0.0017685191373589815
-0.001339751621825804
-0.000897373689332248
-0.0004411003178546965
2.935646822657059e-5
0.0005142875981273713
0.0010139869546596306
0.0015287513742313595
0.0020588806468466807
0.0026046775161058106
0.0031664476792050687
0.003744499786936874
0.0043391454436897394
0.0049506992074482845
0.005579478589793226
0.006225804055901377
0.006889999024545659
0.007572389868095084
0.008273305912514769
0.008993079437365926
0.009732045675805871
0.010490542814588024
0.01126891199406189
0.012067497308173084
0.012886645804463326
0.013726707484070426
0.014588035301728301
0.015470985165766954
0.016375915938112502
0.017303189434287162
0.018253170423409237
0.019226226628193142
0.02022272872494939
0.021243050343584587
0.02228756806760145
0.023356661434098782
0.0244507129337715
0.025570108010910603
0.026715235063403217
0.02788648544273253
0.029084253453977867
0.03030893635581463
0.03156093436051433
0.03284065063394457
0.03414849129556905
0.03548486541844759
0.0368501850292361
0.03824486510818657
0.03966932358914711
0.041123981359561954
0.04260926226047137
0.04412559308651177
0.04567340358591567
0.04725312646051168
0.048865197365724485
0.0505100549105749
0.052188140657679835
0.05389989912325228
0.05564577777710133
0.057426227042632214
0.059241700296846216
0.06109265387034075
0.0629795470473093
0.06490284206554149
0.06686300411642301
0.06886050134493564
0.07089580484965731
0.07296938868276202
0.07508172985001985
0.07723330831079701
0.07942460697805581
0.08165611171835463
0.08392831135184797
0.08624169765228645
0.08859676534701674
0.09099401211698165
0.09343393859672008
0.09591704837436703
0.09844384799165358
0.10101484694390693
0.10363055768005039
0.10629149560260338
0.10899817906768132
0.11175112938499587
0.11455087081785473
0.11739793058316161
0.12029283885141652
0.12323612874671536
0.1262283363467503
0.12927000068280944
0.13236166373977717
0.13550387045613382
0.13869716872395593
0.14194210938891602
0.14523924625028287
0.14858913606092122
0.15199233852729194
0.15544941630945205
0.15896093502105466
0.16252746322934894
0.16614957245518017
0.16982783717298977
0.17356283481081516
0.17735514575029004
0.18120535332664398
0.18511404382870286
0.18908180649888864
0.19310923353321902
0.19719692008130835
0.20134546424636668
0.20555546708520048
0.2098275326082118
0.21416226777939953
0.2185602825163579
0.22302218969027796
0.22754860512594602
0.23214014760174548
0.2367974388496549
0.24152110355524972
0.24631176935770074
0.25117006684977566
0.25609662957783746
0.261092094041846
0.26615709969535656
0.27129228894552104
0.27649830715308693
0.28177580263239854
0.28712542665139545
0.2925478334316141
0.2980436801481863
0.3036136269298406
0.3092583368589012
0.31497847597128886
0.32077471325651974
0.3266477206577069
0.33259817307155887
0.3386267483483808
0.3447341272920733
0.35092099366013385
0.35718803416365513
0.363535938467327
0.3699653991894343
0.376477111901859
0.3830717751300782
0.3897500903531661
0.3965127620037917
0.4033604974682219
0.41029400708631775
0.41731400415153797
0.42442120491093616
0.43161632856516324
0.43890009726846496
0.4462732361286844
0.4537364732072595
0.4612905395192255
0.46893616903321267
0.47667409867144844
0.4845050683097552
0.4924298207775526
0.5004491018578552
0.5085636602872748
0.5167742477560183
0.5250816189078898
0.5334865313402881
0.5419897456042096
0.5505920252042454
0.5592941365985841
0.5680968491990089
0.5770009353709007
0.5860071704332346
0.595116332658584
0.6043292032731163
0.6136465664565969
0.6230692093423854
0.6325979220174395
0.6422334975223107
0.6519767318511493
0.6618284239516989
0.671789375725302
0.6818603920268943
0.69204228066501
0.702335852401778
0.7127419209529242
0.7232613029877698
0.7338948181292329
0.7446432889538265
0.7555075409916613
0.7664884027264425
0.777586705595473
0.7888032839896499
0.8001389752534689
0.8115946196850188
0.8231710605359875
0.8348691440116561
0.8466897192709048
0.8586336384262069
0.8707017565436342
0.8828949316428532
0.8952140246971276
0.9076598996333157
0.9202334233318737
0.9329354656268518
0.9457668993058987
0.9587286001102567
0.9718214467347667
0.9850463208278633
0.9984041069915794
1.0118956927815423
1.0255219687069765
1.0392838282307013
1.0531821677691342
1.0672178866922861
1.0813918873237671
1.0957050749407804
1.1101583577741276
1.1247526470082043
1.1394888567810049
1.1543679041841168
1.1693907092627265
1.1845581950156139
1.1998712873951571
1.2153309153073286
1.2309380106116992
1.246693508121433
1.2625983456032928
1.278653463777635
1.2948598063184154
1.311218319853182
1.3277299539630827
1.3443956611828574
1.3612163970008462
1.3781931198589825
1.395326791152798
1.4126183752314172
1.430068839397565
1.4476791539075577
1.4654502919713126
1.4833832297523388
1.5014789463677447
1.5197384238882323
1.5381626473381025
1.556752604695248
1.5755092868911627
1.5944336878109326
1.6135268042932427
1.6327896361303715
1.6522231860681953
1.671828459806186
1.6916064659974128
1.7115582162485374
1.731684725119822
1.751987010125122
1.772466091731891
1.793122993361176
1.8139587413876228
1.8349743651394714
1.8561708968985595
1.8775493719003191
1.8991108283337799
1.920856307341566
1.9427868530199006
1.9649035124185987
1.9872073355410764
2.0096993753443404
2.0323806877389985
2.0552523315892506
2.078315368712897
2.1015708638813293
2.125019884819539
2.1486635022061105
2.1725027896732287
2.1965388238066694
2.2207726841458086
2.2452054531836163
2.2698382163666593
2.2946720620950996
2.319708081722698
2.3449473695568064
2.3703910228583784
2.3960401418419597
2.421895829675695
2.447959192481321
2.474231339334177
2.5007133822631906
2.527406436250893
2.5543116192334043
2.5814300521004476
2.608762858695336
2.6363111658149845
2.664076103209898
2.692058803584184
2.7202604025955397
2.7486820388552644
2.7773248539282482
2.8061899923329814
2.835278601541548
2.86459183197963
2.8941308370265015
2.9238967730150387
2.953890799231708
2.9841140779165776
3.014567774263306
3.0452530564191527
3.076171095484969
3.1073230655152075
