Taxes(0.7305, 0.21406, 0.85, 0.009697784864833801, 0.352)
400
-0.012307461675872766
-0.012307461547430627
-0.012307459620798569
-0.01230745127205965
-0.01230742879468563
-0.012307381399536984
-0.012307295214862892
-0.012307153286301234
-0.012306935576878597
-0.012306618967010277
-0.012306177254500282
-0.012305581154541313
-0.012304798299714785
-0.012303793239990814
-0.01230252744272823
-0.012300959292674565
-0.012299044091966055
-0.012296734060127643
-0.012293978334072976
-0.012290722968104415
-0.01228691093391302
-0.012282482120578558
-0.012277373334569503
-0.012271518299743035
-0.012264847657345038
-0.012257288966010107
-0.012248766701761539
-0.012239202258011336
-0.012228513945560208
-0.012216616992597577
-0.012203423544701556
-0.01218884266483898
-0.01217278033336538
-0.012155139448024996
-0.012135819823950778
-0.012114718193664374
-0.012091728207076146
-0.012066740431485154
-0.012039642351579172
-0.012010318369434675
-0.011978649804516843
-0.01194451489367957
-0.011907788791165446
-0.011868343568605775
-0.01182604821502056
-0.011780768636818519
-0.01173236765779706
-0.011680705019142321
-0.011625637379429125
-0.011567018314621012
-0.011504698318070222
-0.011438524800517704
-0.011368342090093117
-0.011293991432314819
-0.011215310990089876
-0.01113213584371406
-0.011044297990871855
-0.010951626346636444
-0.010853946743469714
-0.01075108193122227
-0.01064285157713341
-0.010529072265831144
-0.010409557499332188
-0.010284117697041961
-0.010152560195754595
-0.01001468924965292
-0.009870306030308475
-0.009719208626681507
-0.009561192045120969
-0.009396048209364514
-0.009223565960538511
-0.009043531057158027
-0.008855726175126838
-0.008659930907737425
-0.008455921765670976
-0.008243472176997385
-0.008022352487175253
-0.007792329959051884
-0.007553168772863292
-0.007304630026234192
-0.007046471734178012
-0.006778448829096877
-0.006500313160781629
-0.006211813496411805
-0.005912695520555656
-0.005602701835170135
-0.005281571959600903
-0.004949042330582326
-0.004604846302237475
-0.004248714146078132
-0.003880373051004777
-0.0034995471233066028
-0.003105957386661505
-0.002699321782136086
-0.0022793551681856558
-0.001845769320654227
-0.0013982729327745233
-0.0009365716151679668
-0.00046036789584469345
3.063877979645851e-5
0.0005367520489679429
0.001058278631493515
0.0015955283298082102
0.0021488140289583697
0.0027184516966016225
0.003304760383006896
0.00390806222105441
0.004528682426235675
0.0051669492966534974
0.005823194213021981
0.006497751638666516
0.007190959119523797
0.007903157284141805
0.008634689843679814
0.009385903591908397
0.010157148405209416
0.010948777242576035
0.0117611461456127
0.01259461423853516
0.01344954372817046
0.014326299903956926
0.0152252511379442
0.01614676888479319
0.017091227681776115
0.018059005148776498
0.01905048198828912
0.020066041985420103
0.02110607200788683
0.02217096200601798
0.023261105012753542
0.02437689714364478
0.02551873759685428
0.02668702865315589
0.027882175675934772
0.029104587111187366
0.03035467448752143
0.031632852416155995
0.0329395385909214
0.03427515378825925
0.03564012186722248
0.03703486976947531
0.038459827519293235
0.039915428223563046
0.04140210807178287
0.04292030633606209
0.04447046537112138
0.04605303061429269
0.04766845058551935
0.04931717688735588
0.050999664204968154
0.052716370306133326
0.05446775604123985
0.056254285343287455
0.05807642522788717
0.05993464579326134
0.06182942022024359
0.06376122477227883
0.06573053879542326
0.0677378447183444
0.06978362805232106
0.0718683773912433
0.07399258441161254
0.07615674387254145
0.07836135361575397
0.08060691456558543
0.08289393072898237
0.08522290919550261
0.08759436013731534
0.090008796809201
0.09246673554855132
0.09496869577536933
0.09751519999226937
0.10010677378447705
0.10274394581982929
0.10542724784877427
0.10815721470437153
0.1109343843022919
0.11375929764081735
0.11663249880084138
0.11955453494586865
0.12252595632201506
0.12554731625800797
0.12861917116518584
0.13174208053749864
0.13491660695150742
0.13814331606638466
0.14142277662391411
0.1447555604484908
0.14814224244712101
0.15158340060942238
0.15507961600762385
0.1586314727965656
0.16223955821369912
0.16590446257908723
0.169626779295404
0.17340710484793484
0.1772460388045764
0.1811441838158366
0.18510214561483482
0.1891205330173015
0.19319995792157857
0.1973410353086193
0.20154438324198773
0.20581062286786
0.21014037841502287
0.21453427719487492
0.2189929496014254
0.22351702911129565
0.22810715228371745
0.23276395876053477
0.23748809126620182
0.2422801956077853
0.24714092067496207
0.2520709184400212
0.2570708439578623
0.262141355365997
0.26728311388454745
0.2724967838162479
0.2777830325464432
0.28314253054309
0.28857595135675573
0.2940839716206199
0.29966727105047225
0.30532653244471497
0.31106244168436037
0.3168756877330332
0.3227669626369685
0.3287369615250135
0.3347863826086258
0.3409159271818753
0.34712629962144215
0.3534182073866188
0.35979236101930806
0.3662494741440249
0.37279026346789473
0.37941544878065514
0.38612575295465407
0.3929219019448519
0.39980462478881884
0.4067746536067381
0.41383272360140233
0.4209795730582174
0.4282159433451987
0.4355425789129744
0.4429602272947825
0.4504696391064739
0.45807156804650934
0.4657667708959621
0.47355600751851545
0.4814400408604652
0.48941963695071744
0.4974955649007906
0.5056685969048131
0.5139395082395262
0.5223090772642808
0.5307780854210404
0.5393473172343791
0.548017560311483
0.5567896053421482
0.5656642460987836
0.574642279436408
0.5837245052926531
0.59291172668776
0.6022047497245829
0.6116043835885857
0.6211114405478452
0.6307267359530478
0.6404510882374929
0.6502853189170894
0.6602302525903594
0.6702867169384343
0.680455542725059
0.6907375637965874
0.7011336170819868
0.7116445425928338
0.7222711834233182
0.7330143857502395
0.7438749988330098
0.7548538750136512
0.7659518697167986
0.7771698414496964
0.7885086518022023
0.7999691654467832
0.8115522501385194
0.8232587767151003
0.8350896190968291
0.8470456542866175
0.8591277623699914
0.8713368265150849
0.8836737329726466
0.8961393710760335
0.9087346332412162
0.9214604149667746
0.9343176148339021
0.947307134506401
0.9604298787306873
0.9736867553357855
0.9870786752333348
1.000606552417582
1.0142713039653886
1.0280738500362248
1.0420151138721738
1.0560960217979292
1.0703175032207963
1.0846804906306908
1.0991859196001414
1.1138347287842862
1.1286278599208766
1.143566257830273
1.1586508704154495
1.1738826486619889
1.1892625466380882
1.2047915214945528
1.2204705334648018
1.2363005458648637
1.2522825250933802
1.268417440631602
1.2847062650433936
1.3011499739752286
1.3177495461561934
1.3345059633979843
1.3514202105949111
1.3684932757238921
1.38572614984446
1.4031198270987548
1.420675304711532
1.4383935829901553
1.4562756653246023
1.4743225581874584
1.4925352711339248
1.5109148168018092
1.529462210911535
1.5481784722661331
1.567064622751249
1.5861216873351367
1.6053506940686644
1.6247526740853073
1.6443286616011572
1.6640796939149125
1.6840068114078866
1.704111057544001
1.7243934788697906
1.7448551250144013
1.7654970486895905
1.7863203056897243
1.8073259548917842
1.82851505825536
1.8498886808226547
1.8714478907184802
1.8931937591502623
1.9151273604080363
1.9372497718644504
1.959562073974762
1.9820653502768415
2.0047606873911694
2.0276491750208394
2.0507319059515536
2.074009976051629
2.0974844842719897
2.121156532646175
2.145027226290332
2.1690976734032237
2.193368985266219
2.217842276243302
2.242518663781065
2.2673992684087163
2.2924852137380696
2.317777626463555
2.34327763636221
2.3689863762936874
2.394904982200246
2.421034593106762
2.4473763511207176
2.4739314014322096
2.500700892313944
2.5276859751212406
2.5548878042920276
2.5823075373468467
2.60994633488885
2.637805360603801
2.665885781260073
2.694188766708655
2.722715489883141
2.751467126799743
2.7804448565572777
2.809649861337179
2.8390833264034874
2.868746440102859
2.898640393864556
2.9287663822004575
2.959125602705049
2.9897192560554324
3.020548546011314
3.051614679415019
3.0829188661914775
3.114462319348237
3.146246254975449
3.1782718922458835
3.210540453414916
3.2430531638205387
