Taxes(0.7305, 0.20625, 0.85, 0.01712715046669158, 0.352)
400
-0.012207490509128961
-0.012207490381730133
-0.01220748847074774
-0.012207480189824036
-0.012207457895029444
-0.012207410884862564
-0.012207325400250161
-0.012207184624547172
-0.012206968683536705
-0.012206654645430035
-0.012206216520866616
-0.012205625262914063
-0.012204848767068163
-0.012203851871252877
-0.012202596355820336
-0.01220104094355084
-0.012199141299652856
-0.012196850031763032
-0.01219411668994617
-0.012190887766695255
-0.012187106696931443
-0.012182713858004051
-0.012177646569690575
-0.012171839094196675
-0.012165222636156187
-0.012157725342631112
-0.012149272303111629
-0.012139785549516077
-0.012129184056190973
-0.012117383739911005
-0.012104297459879022
-0.012089835017726059
-0.012073903157511303
-0.012056405565722126
-0.012037242871274067
-0.012016312645510828
-0.01199350940220429
-0.0119687245975545
-0.01194184663018968
-0.011912760841166214
-0.011881349513968664
-0.01184749187450976
-0.011811064091130401
-0.011771939274599658
-0.01172998747811477
-0.011685075697301154
-0.011637067870212382
-0.011585824877330213
-0.011531204541564569
-0.011473061628253543
-0.011411247845163393
-0.011345611842488558
-0.011275999212851637
-0.01120225249130341
-0.011124211155322817
-0.011041711624816973
-0.010954587262121167
-0.01086266837199885
-0.01076578220164165
-0.010663752940669366
-0.010556401721129961
-0.010443546617499572
-0.010325002646682511
-0.01020058176801125
-0.010070092883246442
-0.009933341836576905
-0.009790131414619626
-0.009640261346419763
-0.00948352830345065
-0.009319725899613784
-0.009148644691238838
-0.00897007217708365
-0.008783792798334234
-0.00858958793860477
-0.00838723592393761
-0.008176512022803277
-0.007957188446100463
-0.007729034347156031
-0.007491815821725017
-0.00724529590799062
-0.0069892345865642195
-0.006723388780485356
-0.006447512355221748
-0.0061613561186692764
-0.005864667821152
-0.005557192155422146
-0.005238670756660109
-0.004908842202474455
-0.004567442012901921
-0.004214202650407419
-0.0038488535198840227
-0.00347112096865298
-0.003080728286463712
-0.0026773957054938057
-0.0022608404003490227
-0.0018307764880632908
-0.001386915028098713
-0.0009289640223455555
-0.00045662841512226246
3.038990682455537e-5
0.0005323921143201149
0.0010496824357614702
0.0015825681571174908
0.0021313596219288884
0.002696370231308198
0.003277916443939788
0.003876317776079855
0.004491896801556422
0.005124979151769345
0.0057758935156903115
0.006444971639862831
0.007132548328402254
0.007838961442995751
0.008564551902902328
0.009309663684952812
0.01007464382354987
0.010859842410668
0.011665612595853511
0.012492310586224561
0.013340295646471136
0.01420993009885504
0.015101579323209924
0.016015611756941245
0.016952398895026307
0.017912315290014247
0.01889573855202601
0.019903049348754396
0.020934631405464026
0.021990871504991332
0.023072159487744603
0.024178888251703945
0.025311453752421297
0.02647025500302042
0.027655694074196917
0.0288681760942182
0.030108109248923542
0.031375904781724015
0.03267197699360255
0.033996743243113865
0.03535062394638455
0.03673404257711301
0.03814742566656948
0.039591202803596
0.041065806634606496
0.04257167286358667
0.04410924025209408
0.04567895061925809
0.04728124884177994
0.04891658285393266
0.0505854036475611
0.052288165272081986
0.05402532483448384
0.05579734249932702
0.057604681488743696
0.05944780808243791
0.0613271916176855
0.06324330448933416
0.06519662214980337
0.06718762310908448
0.06921678893474068
0.0712846042519069
0.07339155674329004
0.07553813714916872
0.0777248392673934
0.07995215995338645
0.082220599120142
0.08453065973822599
0.08688284783577624
0.08927767249850241
0.0917156458696859
0.09419728315018008
0.09672310259841002
0.09929362553037267
0.10190937631963685
0.10457088239734313
0.10727867425220397
0.11003328543050367
0.11283525253609825
0.1156851152304157
0.1185834162324558
0.12153070131879005
0.12452751932356197
0.12757442213848674
0.13067196471285145
0.133820705053515
0.13702120422490818
0.14027402634903352
0.1435797386054654
0.14693891123135006
0.15035211752140554
0.15381993382792175
0.1573429395607604
0.160921717187355
0.164556852232711
0.16824893327940552
0.17199855196758762
0.1758063029949782
0.1796727841168699
0.1835985961461273
0.18758434295318666
0.19163063146605624
0.19573807167031618
0.19990727660911795
0.20413886238318554
0.20843344815081427
0.2127916561278717
0.21721411158779663
0.22170144286160046
0.22625428133786557
0.23087326146274711
0.235559020739971
0.24031219973083612
0.2451334420542121
0.2500233943865413
0.2549827064618372
0.2600120310716857
0.2651120240652439
0.27028334434924156
0.2755266538879794
0.28084261770333063
0.28623190387473973
0.29169518353922363
0.2972331308913705
0.3028464231833409
0.30853574072486645
0.31430176688325157
0.32014518808337167
0.3260666938076746
0.3320669765961794
0.33814673204647777
0.34430665881373235
0.35054745861067843
0.3568698362076224
0.36327449943244317
0.3697621591705906
0.3763335293650875
0.3829893270165274
0.38973027218307676
0.3965570879804726
0.4034705005820252
0.41047123921861506
0.41756003617869636
0.4247376268082932
0.4320047495110032
0.4393621457479943
0.4468105600380078
0.45435073995735537
0.46198343613992177
0.46970940227716235
0.4775293951181056
0.48544417446935056
0.4934545031950694
0.5015611472170047
0.5097648755144725
0.5180664601243588
0.5264666761411232
0.5349663017167957
0.5435661180609794
0.5522669094408481
0.5610694631811484
0.5699745696641976
0.5789830223298862
0.5880956176756752
0.5973131552565987
0.6066364376852611
0.6160662706318406
0.6256034628240851
0.6352488260473161
0.6450031751444256
0.6548673280158789
0.6648421056197111
0.6749283319715313
0.6851268341445187
0.6954384422694257
0.7058639895345752
0.7164043121858631
0.7270602495267563
0.7378326439182943
0.7487223407790873
0.7597301885853189
0.7708570388707426
0.782103746226686
0.7934711683020461
0.804960165803294
0.8165716024944704
0.8283063451971905
0.8401652637906383
0.8521492312115726
0.8642591234543212
0.8764958195707864
0.8888602016704398
0.9013531549203271
0.9139755675450638
0.9267283308268397
0.9396123391054135
0.9526284897781185
0.9657776832998569
0.9790608231831062
0.9924788159979121
1.0060325713718954
1.0197230019902461
1.0335510235957284
1.047517554988676
1.0616235180269962
1.0758698376261666
1.0902574417592388
1.1047872614568335
1.1194602308071462
1.134277286955941
1.149239370106557
1.1643474235199025
1.1796023935144597
1.195005229466281
1.210556883808992
1.2262583120337884
1.2421104726894399
1.2581143273822861
1.2742708407762402
1.2905809805927853
1.3070457176109778
1.3236660256674448
1.3404428816563871
1.357377265529575
1.374470160296353
1.391722552023634
1.4091354298359067
1.4267097859152291
1.4444466155012325
1.4623469168911178
1.480411691439661
1.4986419435592062
1.5170386807196732
1.5356029134485503
1.5543356553308998
1.573237923009354
1.5923107361841202
1.6115551176129728
1.6309720931112626
1.650562691551909
1.6703279448654058
1.6902688880398158
1.710386559120776
1.7306819992114946
1.7511562524727518
1.7718103661228974
1.7926453904378565
1.813662378751124
1.8348623874537675
1.8562464759944246
1.8778157068793078
1.899571145672198
1.9215138609944515
1.9436449245249934
1.965965411000322
1.9884763982145064
2.0111789670191906
2.0340742013235853
2.0571631880944796
2.080447017356227
2.1039267821907592
2.127603578737575
2.1514785061937496
2.175552666813926
2.1998271659103215
2.224303111852722
2.248981616068491
2.273863793042558
2.2989507603174277
2.324243638493175
2.3497435512274483
2.375451625235465
2.4013689902900195
2.427496779221471
2.4538361279177563
2.480388175324381
2.5071540634444243
2.534134937338535
2.5613319451249374
2.5887462379794233
2.6163789701353597
2.6442312988836822
2.6723043845729033
2.700599390609101
2.729117483455931
2.757859832634615
2.786827610723953
2.81602199336031
2.8454441592376303
2.875095290107423
2.9049765707787736
2.9350891891183366
2.965434336050342
2.996013205556586
3.026826994676443
3.057876903506853
3.0891641352023345
3.120689895974971
3.152455395094424
3.184461844887921
3.2167104607402677
