Taxes(0.7305, 0.17969, 0.85, 0.04118602149857177, 0.352)
400
-0.011837543550014474
-0.011837543426476457
-0.011837541573406222
-0.011837533543435206
-0.011837511924282463
-0.011837466338754682
-0.01183738344474617
-0.01183724693523886
-0.011837037538302302
-0.011836733017093683
-0.011836308169857803
-0.011835734829927095
-0.011834981865721605
-0.011834015180749008
-0.01183279771360461
-0.011831289437971333
-0.011829447362619722
-0.011827225531407953
-0.011824575023281814
-0.011821443952274734
-0.011817777467507755
-0.011813517753189541
-0.011808604028616386
-0.011802972548172206
-0.01179655660132854
-0.011789286512644553
-0.011781089641767032
-0.01177189038343039
-0.01176161016745666
-0.011750167458755505
-0.011737477757324205
-0.011723453598247672
-0.011708004551698434
-0.011691037222936651
-0.0116724552523101
-0.011652159315254184
-0.011630047122291933
-0.011606013419033997
-0.011579949986178652
-0.011551745639511798
-0.011521286229906957
-0.01148845464332528
-0.011453130800815538
-0.011415191658514123
-0.01137451120764506
-0.011330960474519989
-0.011284407520538177
-0.011234717442186518
-0.011181752371039527
-0.011125371473759346
-0.011065430952095733
-0.011001784042886079
-0.010934281018055396
-0.01086276918461632
-0.010787092884669107
-0.010707093495401644
-0.01062260942908944
-0.010533476133095621
-0.010439526089870945
-0.010340588816953796
-0.010236490866970172
-0.010127055827633702
-0.010012104321745638
-0.009891454007194855
-0.009764919576957853
-0.009632312759098757
-0.009493442316769312
-0.00934811404820889
-0.009196130786744486
-0.009037292400790719
-0.008871395793849837
-0.008698234904511703
-0.008517600706453809
-0.008329281208441272
-0.008133061454326828
-0.007928723523050846
-0.007716046528641308
-0.007494806620213828
-0.007264776981971643
-0.007025727833205607
-0.00677742642829421
-0.006519637056703554
-0.006252121042987374
-0.005974636746787022
-0.0056869395628314804
-0.005388781920937352
-0.005079913286008863
-0.004760080158037866
-0.004429026072103833
-0.00408649159837387
-0.0037322143421026936
-0.003365928943632653
-0.0029873670783937207
-0.0025962574569034906
-0.0021923258247671835
-0.0017752949626776413
-0.0013448846864153336
-0.0009008118468483475
-0.0004427903299324013
2.9468943289166226e-5
0.0005162580166853905
0.00101787189903769
0.0015346085640398463
0.0020667689502980283
0.002614656961330774
0.0031785794655690034
0.00375884629635601
0.0043557702519474596
0.004969667095511397
0.0056008555551282455
0.006249657323790798
0.006916397059404233
0.0076014023847860955
0.008305003887666312
0.009027535120687182
0.009769332601403382
0.01053073581228197
0.011312087200702366
0.01211373217895638
0.012936019124248195
0.013779299378694362
0.014643927249323828
0.015530260008077883
0.016438657891810222
0.01736948410228691
0.018323104806186367
0.019299889135099425
0.02030020918552927
0.021324440018891454
0.02237295966151393
0.02344614910463701
0.024544392304413392
0.025668076181908136
0.026817590623098703
0.027993328478874892
0.02919568556503892
0.03042506066230535
0.03168185551630114
0.032966474837565596
0.034279326301550436
0.03562082054861973
0.03699137118404994
0.03839139477802987
0.03982131086566076
0.04128154194695618
0.04277251348684208
0.04429465391515677
0.045848394626651016
0.04743416998098786
0.049052417302742776
0.05070357688140359
0.052388091971370544
0.0541064087919562
0.055858976527385515
0.05764624732679586
0.05946867630423694
0.061326721538670845
0.06322084407397205
0.06515150791892739
0.0671191800472361
0.06912433039750976
0.07116743187327236
0.07324896034296026
0.07536939463992212
0.07752921656241914
0.07972891087362473
0.08196896530162476
0.08424987053941745
0.08657212024491343
0.08893621104093564
0.09134264251521948
0.09379191722041266
0.0962845406740753
0.09882102135867989
0.10140187072161126
0.10402760317516668
0.10669873609655578
0.10941578982790047
0.1121792876762352
0.11498975591350671
0.11784772377657401
0.12075372346720874
0.12370829015209467
0.12671196196282808
0.12976527999591758
0.13286878831278418
0.13602303393976126
0.13922856686809457
0.1424859400539422
0.14579570941837464
0.14915843384737484
0.152574675191838
0.1560449982675718
0.15956997085529617
0.16315016370064356
0.16678615051415868
0.17047850797129868
0.1742278157124331
0.17803465634284377
0.18189961543272495
0.18582328151718336
0.18980624609623806
0.19384910363482016
0.19795245156277372
0.20211689027485466
0.20634302313073177
0.21063145645498557
0.21498279953710972
0.2193976646315095
0.22387666695750336
0.22842042469932117
0.23302955900610625
0.23770469399191327
0.24244645673571016
0.24725547728137645
0.2521323886377048
0.25707782677839947
0.2620924306420778
0.26717684213226905
0.27233170611741514
0.2775576704308699
0.2828553858709003
0.2882255062006848
0.29366868814831526
0.2991855914067946
0.3047768786340396
0.3104432154528781
0.3161852704510514
0.322003715181212
0.32789922416092615
0.33387247487267124
0.33992414776383795
0.3460549262467286
0.35226549669855867
0.358556548461455
0.364928773842458
0.37138286811351917
0.37791952951150387
0.3845394592381882
0.39124336146026234
0.3980319433093269
0.4049059148818971
0.4118659892393984
0.4189128824081702
0.4260473133794632
0.4332700041094416
0.44058167951918065
0.4479830674946693
0.45547489888680764
0.46305790751140924
0.47073283014919903
0.4785004065458154
0.48636137941180796
0.49431649442263986
0.5023665002186855
0.5105121484052325
0.5187541935524804
0.5270933931955416
0.53553050783444
0.5440663009341131
0.5527015389244092
0.5614369912000909
0.5702734301208314
0.5792116310112175
0.5882523721607473
0.5973964348238328
0.6066446032197964
0.6159976645328747
0.6254564089122154
0.6350216294718798
0.6446941222908398
0.6544746864129819
0.6643641238471027
0.6743632395669134
0.6844728415110354
0.6946937405830041
0.7050267506512666
0.7154726885491828
0.7260323740750241
0.7367066299919754
0.7474962820281328
0.7584021588765062
0.7694250921950161
0.7805659166064973
0.791825469698695
0.8032045920242692
0.8147041271007893
0.8263249214107401
0.838067824401516
0.8499336884854263
0.8619233690396904
0.874037724406442
0.8862776158927255
0.8986439077704997
0.9111374672766334
0.92375916461291
0.9365098729460228
0.9493904684075808
0.9624018300941015
0.9755448400670185
0.9888203833526745
1.0022293479423277
1.0157726247921457
1.0294511078232111
1.0432656939215161
1.0572172829379685
1.0713067776883853
1.085535083953499
1.099903110478951
1.1144117689752984
1.1290619741180081
1.1438546435474617
1.1587906978689506
1.1738710606526812
1.1890966584337699
1.2044684207122476
1.2199872799530553
1.2356541715860492
1.2514700340059948
1.2674358085725725
1.2835524396103732
1.2998208744089024
1.3162420632225749
1.3328169592707215
1.3495465187375812
1.3664317007723095
1.3834734674889713
1.4006727839665463
1.4180306182489233
1.4355479413449077
1.4532257272282127
1.4710649528374682
1.489066598076213
1.5072316458129011
1.525561081880896
1.544055895078477
1.5627170771688317
1.581545622880064
1.6005425299051872
1.6197087989021297
1.639045433493729
1.6585534402677375
1.6782338287768197
1.6980876115385521
1.718115804035422
1.7383194247148321
1.7586994949890953
1.779257039235438
1.7999930847959975
1.8209086619778254
1.842004804052884
1.8632825472580499
1.8847429307951098
1.906386996830764
1.9282157904966248
1.9502303598892183
1.9724317560699802
1.9948210330652625
2.017399247866324
2.040167460429342
2.0631267336754013
2.086278133490503
2.109622728725557
2.1331615911963886
2.156895795683732
2.180826419933238
2.2049545446554664
2.2292812535258917
2.2538076331848984
2.2785347732377863
2.303463766254764
2.328595707770957
2.3539316962863976
2.3794728332660355
2.40522022313973
2.4311749733022543
2.4573381941132917
2.4837109988974415
2.5102945039442117
2.5370898285080252
2.5640980948082146
2.591320428029029
2.6187579563196253
2.6464118107940773
2.6742831255313657
2.70237303757539
2.730682686934956
2.759213216583787
2.787965772460514
2.816941503468685
2.846141561476756
2.8755671013181
2.9052192807909965
2.9350992606586437
2.9652082046491466
2.9955472794555282
3.026117654735718
3.056920503112562
3.087957000173817
3.1192283244721537
