Taxes(0.7305, 0.15, 0.8793794810997153, 0.0343, 0.352)
400
-0.01133164781313722
-0.011331647694878792
-0.01133164592100238
-0.011331638234204596
-0.011331617538979794
-0.011331573901620064
-0.011331494550215246
-0.011331363874652918
-0.011331163426618392
-0.011330871919594731
-0.01133046522886274
-0.011329916391500954
-0.011329195606385659
-0.011328270234190876
-0.011327104797388375
-0.011325660980247664
-0.011323897628835984
-0.011321770751018334
-0.011319233516457436
-0.011316236256613764
-0.011312726464745534
-0.0113086487959087
-0.011303945066956955
-0.011298554256541736
-0.011292412505112223
-0.011285453114915333
-0.01127760654999573
-0.011268800436195813
-0.011258959561155725
-0.011248005874313351
-0.011235858486904317
-0.01122243367196199
-0.011207644864317476
-0.011191402660599627
-0.011173614819235032
-0.011154186260448022
-0.011133019066260673
-0.011110012480492796
-0.011085062908761949
-0.011058063918483426
-0.011028906238870269
-0.010997477760933252
-0.0109636635374809
-0.010927345783119475
-0.010888403874252975
-0.010846714349083152
-0.010802150907609482
-0.010754584411629199
-0.01070388288473727
-0.010649911512326402
-0.010592532641587046
-0.010531605781507395
-0.01046698760287338
-0.010398531938268679
-0.010326089782074702
-0.010249509290470608
-0.010168635781433299
-0.01008331173473741
-0.00999337679195532
-0.009898667756457157
-0.009799018593410778
-0.00969426042978179
-0.009584221554333538
-0.009468727417627106
-0.009347600632021327
-0.009220660971672767
-0.009087725372535738
-0.008948607932362289
-0.008803119910702215
-0.00865106972890305
-0.00849226297011007
-0.008326502379266291
-0.00815358786311247
-0.00797331649018711
-0.007785482490826446
-0.007589877257164463
-0.007386289343132883
-0.007174504464461171
-0.0069543054986765315
-0.006725472485103911
-0.0064877826248659985
-0.006241010280883222
-0.005984926977873753
-0.005719301402353502
-0.005443899402636123
-0.0051584839888330096
-0.004862815332853298
-0.004556650768403864
-0.004239744790989324
-0.003911849057912041
-0.0035727123882721124
-0.00322208076296738
-0.0028596973246934275
-0.0024853023779435783
-0.002098633389008899
-0.0016994249859781946
-0.001287408958738016
-0.0008623142589726477
-0.0004238670001641234
2.8209542407785852e-5
0.0004941949316655659
0.0009743715687339681
0.00146902469293999
0.001978442381812899
0.002502915551084215
0.0030427379546877215
0.0035982061847594587
0.004169619671637721
0.004757280683863069
0.0053614943281783175
0.005982568549528539
0.006620814131061071
0.007276544694125504
0.00795007669827369
0.008641729441259734
0.009351825059040008
0.010080688525773143
0.010828647653820017
0.011596033093743777
0.01238317833430983
0.013190419702485833
0.01401809636344172
0.014866550320549654
0.015736126415384077
0.0166271723277217
0.017540038575541456
0.01847507851502458
0.019432648340554536
0.020413107084717056
0.021416816618300135
0.022444141650294014
0.023495449727891218
0.024571111236486497
0.02567149939967689
0.02679699027926167
0.027947962775242387
0.029124798625822845
0.03032788240740911
0.031557601534609486
0.03281434626023456
0.034098509675297164
0.03541048770901241
0.03675067912879762
0.038119485540272446
0.03951731138725875
0.04094456395178066
0.04240165335406453
0.04388899255253907
0.04540699734383516
0.046956086362785955
0.04853668108242688
0.050149205813995644
0.05179408770693217
0.05347175674887865
0.05518264576567956
0.05692719042138161
0.05870582921823379
0.06051900349668733
0.06236715743539571
0.06425073805121471
0.06617019519920231
0.06812598157261882
0.07011855270292675
0.07214836695979085
0.07421588555107823
0.07632157252285819
0.07846589475940226
0.08064932198318427
0.08287232675488033
0.08513538447336874
0.08743897337573013
0.08978357453724736
0.09216967187140553
0.09459775212989203
0.09706830490259648
0.09958182261761078
0.10213880054122912
0.10473973677794782
0.10738513227046563
0.1100754907996835
0.11281131898470449
0.11559312628283419
0.11842142498958022
0.12129673023865258
0.12421956000196345
0.12719043508962735
0.13020987914996104
0.13327841866948348
0.1363965829729159
0.13956490422318188
0.14278391742140717
0.1460541604069198
0.14937617385725005
0.15275050128813047
0.15617768905349594
0.15965828634548343
0.1631928451944323
0.16678192046888418
0.17042606987558287
0.17412585395947444
0.17788183610370734
0.18169458252963228
0.1855646622968018
0.18949264730297136
0.19347911228409814
0.19752463481434204
0.20162979530606467
0.20579517700983055
0.21002136601440574
0.21430895124675933
0.21865852447206183
0.22307068029368693
0.22754601615320963
0.23208513233040806
0.23668863194326184
0.24135712094795356
0.2460912081388674
0.25089150514859043
0.25575862644791136
0.2606931893458218
0.2656958139895149
0.2707671233643869
0.27590774329403545
0.2811183024402612
0.28639943230306636
0.29175176722065616
0.29717594436943734
0.30267260376401955
0.30824238825721406
0.3138859435400351
0.3196039181416984
0.3253969634296228
0.33126573360942857
0.3372108857249389
0.34323307965817856
0.3493329781293754
0.3555112466969587
0.36176855375756095
0.36810557054601556
0.3745229711353599
0.3810214324368316
0.3876016341998728
0.3942642590121258
0.40100999229943673
0.40783952232585274
0.4147535401936244
0.42175273984320355
0.42883781805324517
0.43600947444060545
0.443268411460344
0.4506153344057216
0.4580509514082024
0.46557597343745155
0.4731911143013378
0.4808970906459309
0.4886946219555039
0.4965844305525312
0.5045672415976905
0.5126437830898605
0.5208147858661234
0.5290809836017626
0.5374431128102648
0.5459019128433178
0.5544581258908129
0.5631124969808422
0.571865773979702
0.5807187075918885
0.5896720513601025
0.598726561665245
0.6078829977264212
0.6171421216009365
0.6265046981843008
0.6359714952102238
0.64554328325062
0.6552208357156041
0.6650049288534942
0.67489634175081
0.6848958563322743
0.6950042573608112
0.705222332437548
0.7155508720018129
0.7259906693311383
0.7365425205412568
0.7472072245861051
0.7579855832578203
0.768878401186744
0.7798864858414175
0.7910106475285871
0.8022516993931983
0.8136104574184021
0.8250877404255488
0.8366843700741933
0.8484011708620909
0.8602389701252011
0.8721985980376835
0.8842808876119022
0.8964866746984208
0.9088167979860086
0.9212720990016335
0.9338534221104692
0.9465616145158884
0.959397526259469
0.9723620102209887
0.9854559221184291
0.998680120507973
1.0120354667840066
1.0255228251791166
1.0391430627640945
1.0528970494479313
1.0667856579778225
1.080809763939164
1.0949702457555561
1.109267984688799
1.1237038648388973
1.1382787731440556
1.1529935993806832
1.1678492361633896
1.1828465789449887
1.1979865260164937
1.2132699785071233
1.2286978403842954
1.2442710184536332
1.2599904223589593
1.2758569645823017
1.2918715604438864
1.3080351281021458
1.324348588553712
1.3408128656334217
1.3574288860143102
1.3741975792076195
1.3911198775627893
1.408196716267466
1.4254290333474944
1.4428177696669247
1.4603638689280065
1.478068277671195
1.4959319452751434
1.5139558239567115
1.5321408687709581
1.5504880376111467
1.5689982912087406
1.5876725931334073
1.606511909793016
1.6255172104336386
1.644689467139547
1.6640296548332185
1.6835387512753306
1.7032177370647648
1.7230675956386021
1.7430893132721288
1.7632838790788308
1.7836522850103993
1.8041955258567244
1.8249145992459006
1.8458105056442236
1.8668842483561932
1.8881368335245083
1.9095692701300744
1.931182569991994
1.9529777477675765
1.9749558209523301
1.997117809879969
2.0194647377224055
2.0419976304897576
2.0647175170303416
2.087625429030682
2.1107224010154995
2.134009470347721
2.157487677228474
2.1811580646970885
2.205021678631096
2.2290795677462336
2.253332783596435
2.277782380573842
2.3024294159087937
2.327274949669836
2.352320044763713
2.377565766935374
2.4030131847679685
2.428663369682851
2.454517395939573
2.4805763406358956
2.506841283707775
2.533313307929376
2.5599934989130593
2.586882945109394
2.613982737807146
2.641293971133289
2.6688177420529935
2.696555150369636
2.7245072987247934
2.7526752925982465
2.7810602403079754
2.809663253010167
2.838485444699205
2.8675279322076817
2.8967918352063844
2.926278276204309
2.9559883805486495
2.9859232764248063
