Taxes(0.7305, 0.21875, 0.85, 0.005152549400052463, 0.352)
400
-0.01236707796927904
-0.012367077840214739
-0.012367075904250239
-0.012367067515070742
-0.012367044928818242
-0.012366997304091543
-0.012366910701946248
-0.012366768085894757
-0.012366549321906267
-0.012366231178406783
-0.012365787326279106
-0.012365188338862838
-0.012364401691954378
-0.012363391763806929
-0.012362119835130494
-0.012360544089091876
-0.012358619611314674
-0.012356298389879294
-0.012353529315322935
-0.012350258180639602
-0.012346427681280098
-0.012341977415152026
-0.012336843882619792
-0.012330960486504592
-0.012324257532084435
-0.012316662227094126
-0.012308098681725265
-0.012298487908626258
-0.012287747822902309
-0.012275793242115422
-0.0122625358862844
-0.012247884377884852
-0.012231744241849179
-0.012214017905566588
-0.012194604698883085
-0.012173400854101471
-0.012150299505981356
-0.012125190691739144
-0.01209796135104804
-0.012068495326038053
-0.012036673361295982
-0.01200237310386544
-0.011965469103246834
-0.011925832811397367
-0.011883332582731046
-0.01183783367411868
-0.011789198244887873
-0.011737285356823035
-0.011681950974165372
-0.011623047963612895
-0.011560426094320406
-0.011493932037899515
-0.011423409368418631
-0.011348698562402964
-0.011269636998834516
-0.011186058959152102
-0.011097795627251328
-0.011004675089484604
-0.010906522334661136
-0.010803159254046938
-0.010694404641364815
-0.010580074192794376
-0.010459980506972036
-0.010333933084990999
-0.010201738330401278
-0.010063199549209683
-0.009918116949879822
-0.009766287643332108
-0.00960750564294375
-0.009441561864548758
-0.009268244126437947
-0.009087337149358924
-0.0088986225565161
-0.008701878873570691
-0.008496881528640702
-0.00828340285230095
-0.008061212077583042
-0.007830075339975396
-0.00758975567742322
-0.0073400130303285255
-0.007080604241550129
-0.006811283056403638
-0.006531800122661471
-0.006241902990552836
-0.005941336112763749
-0.005629840844437023
-0.00530715544317227
-0.004973015069025905
-0.0046271517845111396
-0.0042692945545979915
-0.003899169246713272
-0.0035164986307405946
-0.0031210023790203753
-0.002712397066349828
-0.002290396169982968
-0.001854710069630609
-0.001405046047460369
-0.0009411082880966585
-0.0004625978786206959
3.0787191429503585e-5
0.0005393520300591229
0.0010634048428165524
0.0016032569327933683
0.0021592227006243586
0.002731619644487505
0.003320768360103993
0.003926992540738208
0.004550618977197728
0.00519197755783334
0.005851401268539025
0.0065292261927519645
0.007225791511452546
0.007941439503164349
0.008676515543954155
0.009431368107431946
0.010206348764750904
0.011001812184607416
0.011818116133241055
0.012655621474434605
0.013514692169514052
0.014395695277348573
0.015299000954350557
0.01622498245447557
0.017174016129222404
0.01814648142763304
0.01914276089629265
0.02016324017932962
0.02120830801841553
0.02227835625276516
0.023373779819136485
0.024494976751830686
0.025642348182692152
0.02681629834110845
0.02801723455401037
0.02924556724587188
0.030501709938710167
0.031786079252085604
0.03309909490310178
0.03444117970640546
0.03581275957418662
0.03721426351617845
0.038646123639657325
0.04010877514944281
0.041602656347897705
0.043128208634927986
0.044685876507982815
0.04627610756205455
0.047899352489678824
0.04955606508093437
0.05124670222344317
0.05297172390237041
0.05473159320042448
0.05652677629785692
0.05835774247246252
0.06022496409957927
0.062128916652088334
0.06407007870041409
0.06604893191252412
0.06806596105392919
0.07012165398768327
0.07221650167438355
0.07435099817217039
0.07652564063672739
0.07874092932128127
0.08099736757660207
0.08329546185100294
0.08563572169034023
0.08801865973801352
0.09044479173496563
0.09291463651968246
0.09542871602819325
0.09798755529407033
0.10059168244842928
0.10324162871992891
0.10593792843477114
0.10868111901670115
0.11147174098700738
0.11431033796452128
0.11719745666561773
0.1201336469042147
0.12311946159177325
0.1261554567372979
0.1292421914473361
0.13238022792597867
0.1355701314748596
0.13881247049315604
0.14210781647758836
0.14545674402242015
0.1488598308194581
0.1523176576580523
0.15583080842509586
0.15939987010502513
0.1630254327798197
0.16670808962900235
0.17044843692963907
0.17424707405633896
0.17810460348125448
0.1820216307740811
0.18599876460205766
0.19003661672996608
0.19413580202013156
0.1982969384324226
0.20252064702425043
0.20680755195057016
0.2111582804638795
0.2155734629142199
0.22005373274917533
0.2245997265138738
0.22921208385098568
0.23389144750072535
0.2386384633008495
0.243453780186659
0.24833805019099692
0.25329192844425047
0.25831607317434924
0.26341114570676677
0.26857781046451906
0.27381673496816594
0.27912858983581
0.28451404878309744
0.28997378862321704
0.2955084892669016
0.3011188337224263
0.30680550809561036
0.31256920158981516
0.31841060650594644
0.32433041824245207
0.3303293352953241
0.33640805925809675
0.3425672948218485
0.34880774977520007
0.3551301350043163
0.36153516449290424
0.3680235553222152
0.3745960276710425
0.38125330481572395
0.38799611313013926
0.3948251820857128
0.40174124425141045
0.408745035293743
0.4158372939767628
0.423018762162067
0.4302901848087945
0.43765230997362864
0.44510588881079477
0.45265167557206265
0.4602904276067441
0.4680229053616952
0.47584987238131427
0.4837720953075436
0.491790343879868
0.4999053909353163
0.5081180124084596
0.5164289873314131
0.5248390978338341
0.5333491291429245
0.5419598695834281
0.5506721105776331
0.5594866466453694
0.5684042754040117
0.5774257975684766
0.5865520169512252
0.59578374046226
0.6051217781091289
0.6145669429969208
0.6241200513282699
0.6337819224033515
0.6435533786198862
0.6534352454731357
0.663428351555907
0.6735335285585482
0.6837516112689528
0.6940834375725553
0.7045298484523353
0.7150916879888141
0.7257698033600573
0.736565044841673
0.7474782658068129
0.7585103227261715
0.7696620751679875
0.7809343857980409
0.792328120379657
0.8038441477737028
0.8154833399385897
0.8272465719302706
0.839134721902244
0.8511486711055489
0.8632893038887703
0.8755575076980334
0.8879541730770095
0.9004801936669106
0.913136466206494
0.9259238905320585
0.9388433695774477
0.9518958093740467
0.9650821190507857
0.9784032108341355
0.9918600000481134
1.0054534051142763
1.019184347551728
1.0330537519771121
1.0470625461046184
1.0612116607459772
1.0755020298104643
1.0899345903048963
1.104510282333636
1.119230049098586
1.1340948368991954
1.1491055951324538
1.1642632762928964
1.1795688359725989
1.1950232328611832
1.2106274287458112
1.226382388511191
1.2422890801395716
1.258348474710747
1.2745615464020525
1.290929272488369
1.3074526333421181
1.3241326124332664
1.3409701963293224
1.3579663746953394
1.3751221402939118
1.3924384889851802
1.409916419726824
1.42755693457407
1.445361038679686
1.4633297402939849
1.481464050764819
1.4997649845375884
1.5182335591552325
1.5368707952582374
1.5556777165846292
1.5746553499699796
1.593804725347402
1.6131268757475545
1.6326228372986353
1.6522936492263904
1.6721403538541049
1.69216399660261
1.7123656259902778
1.7327462936330247
1.7533070542443108
1.7740489656351393
1.7949730887140543
1.8160804874871468
1.8373722290580479
1.8588493836279347
1.880513024495524
1.902364228057079
1.924404073806404
1.946633644334849
1.9690540253313038
1.991666305582204
2.0144715769715265
2.037470934480794
2.0606654761890693
2.084056303272962
2.1076445200066205
2.1314312337617407
2.1554175550075576
2.179604597310854
2.2039934773359517
2.228585314844719
2.253381232696563
2.2783823568484403
2.3035898163548443
2.329004743367817
2.3546282731369392
2.3804615440093384
2.4065056974296817
2.4327618779401847
2.4592312331805997
2.485914913888227
2.512814073897908
2.539929870142028
2.5672634626505153
2.5948160145508425
2.6225886920680224
2.6505826645246153
2.6787991043407193
2.7072391870339816
2.7359040912195876
2.7647949986102707
2.793913094016301
2.8232595653454995
2.8528356036032236
2.882642402892379
2.912681160413411
2.94295307646431
2.9734593544406094
3.004201200835386
3.0351798252392572
3.0663964403403887
3.097852261924483
3.129548508874793
3.161486403172108
3.1936671698947663
3.226092037218643
3.258762236417164
