Taxes(0.7305, 0.19688, 0.85, 0.02582285990781069, 0.352)
400
-0.012080551134310676
-0.012080551008236603
-0.012080549117125526
-0.01208054092231086
-0.012080518859348298
-0.012080472338015808
-0.012080387742313639
-0.012080248430464317
-0.01208003473491264
-0.012079723962325685
-0.012079290393592812
-0.012078705283825654
-0.012077936862358118
-0.012076950332746389
-0.012075707872768937
-0.0120741686344265
-0.012072288743942096
-0.012070021301761023
-0.012067316382550848
-0.01206412103520143
-0.012060379282824886
-0.012056032122755628
-0.012051017526550334
-0.012045270439987961
-0.012038722783069746
-0.012031303450019203
-0.012022938309282118
-0.012013550203526561
-0.012003058949642873
-0.011991381338743681
-0.011978431136163877
-0.011964119081460639
-0.011948352888413418
-0.011931037245023946
-0.01191207381351623
-0.011891361230336552
-0.011868795106153473
-0.011844268025857833
-0.011817669548562745
-0.011788886207603605
-0.011757801510538077
-0.011724295939146112
-0.011688246949429933
-0.011649528971614042
-0.011608013410145215
-0.011563568643692509
-0.011516060025147252
-0.011465349881623059
-0.011411297514455816
-0.011353759199203685
-0.011292588185647106
-0.0112276346977888
-0.011158745933853758
-0.011085766066289257
-0.011008536241764844
-0.010926894581172342
-0.010840676179625863
-0.010749713106461783
-0.010653834405238757
-0.010552866093737727
-0.0104466311639619
-0.010334949582136764
-0.010217638288710092
-0.010094511198351922
-0.009965379199954577
-0.009830050156632656
-0.009688328905723033
-0.009540017258784856
-0.00938491400159956
-0.00922281489417085
-0.009053512670724708
-0.008876797039709396
-0.008692454683795453
-0.00850026925987569
-0.008300021399065202
-0.008091488706701358
-0.007874445762343803
-0.0076486641197744615
-0.007413912306997535
-0.007169955826239498
-0.006916557153949111
-0.006653475740797399
-0.006380468011677677
-0.0060972873657055265
-0.005803684176218815
-0.005499405790777681
-0.005184196531164542
-0.004857797693384095
-0.004519947547663307
-0.0041703813384514335
-0.0038088312844199953
-0.0034350265784627975
-0.0030486933876959213
-0.002649554853457723
-0.0022373310913088385
-0.0018117391910321785
-0.0013724932166329347
-0.0009193042063385685
-0.0004518801725988267
3.0073897914271133e-5
0.000526856044306426
0.0010387673314610692
0.0015661118500393412
0.0021091967164801177
0.00266833207299999
0.003243831087593278
0.0038360099540320214
0.00444518789186598
0.005071687146422641
0.005715832988807212
0.006377953715902622
0.007058380650369532
0.007757448140646313
0.008475493560949067
0.009212857311271616
0.009969882817385502
0.010746916530840003
0.011544307928962098
0.012362409514856508
0.01320157681740567
0.014062168391269744
0.014944545816886617
0.015849073700471884
0.016776119674018878
0.017726054395298656
0.018699251547859983
0.019696087841029362
0.020716943009911015
0.021762199815386876
0.022832244044116618
0.023927464508537628
0.02504825304686502
0.026195004523091616
0.027368116826987997
0.028567990874102417
0.029795030605760893
0.03104964298906715
0.032332238016902645
0.03364322870792652
0.0349830311065757
0.03635206428306478
0.037750750333386124
0.03917951437930976
0.04063878456838352
0.04212899207393289
0.04365057109506109
0.045203958856649074
0.04678959560935555
0.04840792462961689
0.050059392219647225
0.0517444477074384
0.05346354344675999
0.05521713481715928
0.057005680223961276
0.05882964109826873
0.0606894818969621
0.06258567010269957
0.06451867622391703
0.06648897379482814
0.06849703937542423
0.07054335255147436
0.07262839593452536
0.07475265516190174
0.07691661889670572
0.07912077882781729
0.08136562966989416
0.08365166916337169
0.08597939807446305
0.08834932019515909
0.09076194234322837
0.09321777436221723
0.09571732912144967
0.09826112251602744
0.10084967346683003
0.10348350392051461
0.10616313884951611
0.10888910625204722
0.11166193715209818
0.11448216559943719
0.11735032866961005
0.1202669664639402
0.123232622109529
0.12624784175925535
0.12931317459177602
0.1324291728115254
0.1355963916487156
0.13881538935933657
0.14208672722515583
0.1454109695537187
0.14878868367834827
0.15222043995814527
0.15570681177798815
0.15924837554853316
0.16284571070621423
0.16649939971324304
0.17021002805760888
0.1739781842530789
0.1778044598391979
0.18168944938128848
0.18563375047045078
0.18963796372356295
0.19370269278328073
0.19782854431803723
0.20201612802204397
0.20626605661528957
0.21057894584354095
0.21495541447834202
0.2193960843170152
0.22390158018265996
0.22847252992415418
0.23310956441615258
0.2378133175590886
0.24258442627917248
0.24742353052839297
0.2523312732845158
0.2573083005510852
0.2623552613574224
0.2674728077586269
0.2726615948355755
0.2779222806949232
0.28325552646910207
0.2886619963163227
0.29414235742057265
0.2996972799916178
0.3053274372650011
0.3110335055020441
0.3168161639898452
0.32267609504128125
0.32861398399500596
0.33463051921545184
0.3407263920928282
0.3469022970431227
0.3531589315081002
0.3594969959553038
0.3659171938780537
0.3724202317954487
0.37900681925236424
0.38567766881945476
0.39243349609315087
0.39927501969566265
0.406202961274976
0.41321804550485663
0.420321000084846
0.4275125557402648
0.4347934462222103
0.4421644083075585
0.4496261817989622
0.45717950952485287
0.46482513733943864
0.4725638141227064
0.48039629178041987
0.48832332524412136
0.49634567247112993
0.5044640944445434
0.5126793551732364
0.520992221691862
0.5294034640608501
0.5379138553664098
0.546524171720526
0.5552351922609633
0.5640476991512622
0.5729624775807425
0.5819803157645004
0.5911020049434111
0.600328339384126
0.609660116379076
0.619098136246468
0.6286432023302881
0.6382961210002988
0.6480577016520417
0.6579287567068344
0.6679101016117743
0.6780025548397345
0.6882069378893677
0.6985240752851024
0.7089547945771465
0.7194999263414845
0.7301603041798794
0.7409367647198712
0.7518301476147787
0.7628412955436966
0.7739710542114997
0.7852202723488381
0.7965898017121418
0.8080804970836164
0.8196932162712477
0.8314288201087965
0.843288172455804
0.8552721401975864
0.8673815932452402
0.8796174045356376
0.8919804500314301
0.9044716087210454
0.9170917626186907
0.929841796764349
0.9427225992237829
0.9557350610885305
0.9688800764759103
0.9821585425290158
0.9955713594167208
1.0091194303336746
1.022803661500306
1.03662496216282
1.0505842445932008
1.0646824240892085
1.0789204189743833
1.0932991505980405
1.1078195433352758
1.1224825245869599
1.1372890247797438
1.1522399773660537
1.1673363188240964
1.1825789886578533
1.1979689293970863
1.2135070865973328
1.2291944088399098
1.2450318477319102
1.261020357906207
1.2771608970214479
1.2934544257620608
1.30990190783825
1.3265043099859986
1.3432626019670657
1.3601777565689912
1.377250749605088
1.3944825599144515
1.4118741693619516
1.4294265628382388
1.447140728259737
1.465017656568653
1.4830583417329666
1.5012637807464393
1.519634973628607
1.5381729234247863
1.5568786362060687
1.5757531210693263
1.5947973901372055
1.6140124585581337
1.633399344506314
1.6529590691817289
1.672692656810136
1.692601134643073
1.7126855329578548
1.7329468850575742
1.7533862272710994
1.77400459895308
1.7948030424839405
1.8157826032698854
1.836944329742894
1.8582892733607266
1.8798184886069182
1.9015330329907842
1.9234339670474156
1.9455223543376825
1.9677992614482311
1.9902657579914884
2.012922916605655
2.035771812954714
2.0588135257284206
2.082049136642313
2.105479730437703
2.1291063948816844
2.152930220767124
2.1769523019126704
2.2011737351627456
2.2255956203875553
2.2502190604830763
2.275045161371069
2.3000750319990666
2.3253097843403836
2.3507505333941094
2.376398397185116
2.402254496764045
2.428319956207324
2.4545959026171533
2.4810834661215133
2.5077837798741593
2.534697980054629
2.5618272058682323
2.589172599546062
2.6167353063449843
2.644516474547647
2.6725172554624708
2.7007388034236604
2.729182275791191
2.7578488329508235
2.786739638314088
2.815855858318301
2.8451986624265486
2.8747692231277013
2.904568715936402
2.9345983193930767
2.964859215063923
2.9953525875409213
3.0260796244418264
3.057041516410175
3.0882394571152756
3.11967464325222
3.151348274541873
3.1832615537308824
